0 0.379465 0.583871 0.005198 0.022650
0 0.340554 0.404073 0.005970 0.023295
0 0.457983 0.660561 0.005264 0.023208
0 0.552797 0.440729 0.006134 0.021484
0 0.660263 0.572938 0.005962 0.027136
0 0.297049 0.542461 0.004488 0.018193
0 0.434325 0.684212 0.006492 0.022876
0 0.651713 0.561025 0.009031 0.029614
0 0.490634 0.803637 0.004672 0.020891
0 0.725389 0.411914 0.006668 0.021769
0 0.540495 0.563964 0.007066 0.022413
0 0.616086 0.591132 0.006905 0.025588
0 0.577014 0.436054 0.005432 0.019854
0 0.457547 0.714938 0.005727 0.025133
0 0.465511 0.424987 0.009926 0.026943
0 0.371828 0.637749 0.007443 0.024636
0 0.593167 0.873800 0.005551 0.019246
0 0.502224 0.692501 0.006572 0.028457
0 0.415786 0.408127 0.006802 0.032069
0 0.530839 0.480810 0.005520 0.020705
0 0.188661 0.621959 0.003978 0.015256
0 0.415690 0.399479 0.004570 0.016991
0 0.679001 0.544505 0.009440 0.037652
0 0.418926 0.683837 0.004769 0.020575
0 0.322461 0.217001 0.004970 0.020391
0 0.693803 0.541810 0.008223 0.022078
0 0.696705 0.426492 0.005282 0.017957
0 0.496817 0.788988 0.006767 0.018624
0 0.557801 0.521303 0.005535 0.018788
0 0.557295 0.417413 0.004546 0.018627
0 0.711696 0.412277 0.006872 0.024640
0 0.387893 0.387689 0.005455 0.019258
0 0.567798 0.717627 0.008073 0.025501
0 0.508917 0.848146 0.005667 0.020075
0 0.591093 0.700006 0.004885 0.018109
0 0.709511 0.550800 0.005290 0.026085
0 0.698354 0.550987 0.007050 0.022681
0 0.462921 0.427662 0.005245 0.021682
0 0.705068 0.769012 0.005982 0.026438
0 0.870338 0.537782 0.007265 0.025888
0 0.585666 0.739999 0.008996 0.040337
0 0.411647 0.665902 0.005469 0.019387
0 0.180190 0.613987 0.008569 0.025969
0 0.692079 0.417541 0.005944 0.025401
0 0.787494 0.546751 0.009415 0.024492
0 0.358920 0.350095 0.005740 0.030261
0 0.710108 0.762321 0.007721 0.028688
0 0.397659 0.692294 0.005971 0.030534
0 0.546367 0.847313 0.005148 0.017574
2 0.502042 0.917540 0.027378 0.034520
3 0.308248 0.565693 0.012272 0.021791
3 0.282673 0.514255 0.012772 0.018945
2 0.576964 0.477894 0.032850 0.036502
3 0.277002 0.532958 0.016623 0.019605
3 0.308182 0.139063 0.011090 0.019841
2 0.591738 0.659817 0.015216 0.053421
2 0.342201 0.666750 0.020245 0.046630
3 0.131297 0.507106 0.016681 0.022364
3 0.281615 0.201633 0.012210 0.021218
2 0.309222 0.485663 0.028834 0.043076
3 0.544742 0.484288 0.016534 0.034684
3 0.600869 0.449146 0.018806 0.030978
3 0.553712 0.573921 0.017386 0.037467
3 0.773680 0.460821 0.011592 0.014208
3 0.322592 0.532352 0.011842 0.020287
2 0.616784 0.554954 0.023166 0.036702
2 0.214898 0.765543 0.018508 0.055610
2 0.026423 0.492102 0.035161 0.025403
3 0.603691 0.601928 0.012441 0.041546
3 0.473701 0.522616 0.011998 0.043573
2 0.188689 0.513353 0.032049 0.033575
3 0.443033 0.459579 0.010834 0.024686
2 0.870019 0.948317 0.029020 0.030248
3 0.790149 0.452273 0.019045 0.027277
3 0.329837 0.597247 0.007152 0.031569
3 0.165497 0.493279 0.013007 0.014713
3 0.375258 0.693791 0.014675 0.027700
3 0.768492 0.549313 0.010823 0.020395
3 0.254163 0.481429 0.019618 0.018987
3 0.137542 0.483401 0.018807 0.026555
3 0.668972 0.567859 0.010004 0.022209
3 0.141110 0.661663 0.008807 0.011358
3 0.125604 0.530799 0.011057 0.014280
3 0.519156 0.442126 0.016364 0.016598
3 0.609038 0.907629 0.012192 0.018090
3 0.504662 0.519880 0.016900 0.034773
3 0.705076 0.509677 0.013442 0.020667
3 0.410277 0.356839 0.008730 0.025016
3 0.722878 0.429658 0.012875 0.017258
3 0.829926 0.498382 0.013372 0.023368
3 0.734418 0.514498 0.014262 0.020381
3 0.773666 0.460805 0.011621 0.014241
3 0.768449 0.549785 0.010953 0.021579
3 0.341042 0.301393 0.006208 0.028247
3 0.746196 0.411878 0.011180 0.017360
3 0.706170 0.510937 0.014946 0.021224
3 0.567798 0.717627 0.008073 0.025501
3 0.359097 0.351163 0.006096 0.030863
3 0.372051 0.638912 0.005668 0.022907
3 0.695688 0.544188 0.012260 0.026614
3 0.296835 0.545638 0.003996 0.012295
3 0.878701 0.439817 0.012382 0.021521
3 0.787921 0.546084 0.009512 0.024327
3 0.285418 0.178838 0.004861 0.011904
3 0.181356 0.579268 0.013745 0.021151
3 0.594531 0.911344 0.009005 0.021365
3 0.968211 0.448992 0.013919 0.017434
3 0.583514 0.899342 0.006622 0.017284
3 0.668972 0.568675 0.010004 0.023840
3 0.554186 0.620055 0.006520 0.020094
3 0.443026 0.459579 0.010821 0.024686
3 0.322189 0.533991 0.012488 0.023309
3 0.651975 0.561593 0.008641 0.028851
3 0.508917 0.848146 0.005667 0.020075
3 0.678955 0.546561 0.009200 0.034199
3 0.119379 0.587181 0.011046 0.025744
3 0.415484 0.412768 0.005230 0.021252
3 0.502157 0.692838 0.005834 0.027750
3 0.126534 0.527180 0.011113 0.020279
3 0.164688 0.495335 0.014241 0.027678
3 0.615635 0.594780 0.005959 0.019462
3 0.340608 0.407020 0.004006 0.015820
3 0.731509 0.546878 0.016776 0.022031
3 0.816311 0.542376 0.007494 0.024985
3 0.587915 0.732173 0.009977 0.025478
3 0.595376 0.884271 0.008281 0.020157
3 0.410277 0.356839 0.008730 0.025016
3 0.750178 0.462172 0.014271 0.016876
3 0.308182 0.139063 0.011090 0.019841
3 0.282672 0.514196 0.012597 0.018424
3 0.582324 0.545588 0.005715 0.013750
3 0.684261 0.564656 0.009401 0.014559
3 0.191294 0.616393 0.012533 0.021106
3 0.702155 0.416866 0.008782 0.017804
3 0.182098 0.616205 0.012112 0.021374
3 0.930732 0.539370 0.012857 0.022882
3 0.308221 0.565733 0.012218 0.021711
3 0.473938 0.452140 0.009739 0.023036
3 0.801359 0.543098 0.007249 0.025450
3 0.792506 0.436523 0.011553 0.011967
3 0.741577 0.531899 0.011179 0.024919
3 0.238307 0.495917 0.012827 0.018758
3 0.725389 0.411914 0.006668 0.021769
3 0.379310 0.587143 0.004299 0.016059
3 0.948820 0.541920 0.008916 0.020576
3 0.606005 0.719723 0.013153 0.028100
3 0.780104 0.425054 0.012092 0.013182
3 0.450016 0.627921 0.010043 0.022955
5 0.441596 0.530422 0.052931 0.094865
5 0.316888 0.264885 0.012499 0.059123
5 0.323602 0.309844 0.012506 0.061069
5 0.322597 0.809414 0.111861 0.063583
5 0.315483 0.410858 0.017956 0.057637
5 0.616930 0.554954 0.022875 0.036702
5 0.189277 0.515572 0.030790 0.034364
5 0.657584 0.931445 0.078138 0.136070
5 0.342201 0.666750 0.020245 0.046630
5 0.544732 0.484291 0.016512 0.034678
2 0.325205 0.354584 0.014345 0.059372
2 0.188733 0.514641 0.032540 0.036227
2 0.309222 0.485353 0.028834 0.043651
2 0.341844 0.666524 0.021144 0.047046
2 0.400314 0.632114 0.018607 0.032959
2 0.236207 0.516482 0.027898 0.032930
2 0.315527 0.410763 0.018043 0.058055
2 0.341795 0.196848 0.012347 0.049829
2 0.384917 0.528514 0.015753 0.028830
2 0.323276 0.309844 0.013159 0.061069
7 0.657507 0.930866 0.079947 0.137333
2 0.343626 0.351009 0.009568 0.048245
2 0.576514 0.479149 0.033666 0.039317
2 0.214898 0.765382 0.018508 0.055289
2 0.350200 0.582614 0.018619 0.033841
2 0.496375 0.435718 0.022837 0.048958
2 0.503823 0.523636 0.018730 0.042301
2 0.544701 0.484146 0.016616 0.034608
2 0.314829 0.189437 0.013540 0.036317
2 0.553622 0.577395 0.017566 0.044446
2 0.351340 0.700261 0.025834 0.057136
2 0.518198 0.449920 0.018731 0.032297
2 0.316903 0.253730 0.012250 0.036569
2 0.592413 0.660126 0.016566 0.054039
2 0.402229 0.248259 0.013564 0.041391
2 0.790149 0.452273 0.019045 0.027277
2 0.463400 0.762779 0.019604 0.044432
2 0.399561 0.743343 0.021324 0.029182
2 0.375258 0.693791 0.014675 0.027700
2 0.473685 0.522616 0.012032 0.043573
2 0.392527 0.279692 0.010991 0.035495
2 0.335686 0.599627 0.019086 0.037648
2 0.609038 0.907629 0.012192 0.018090
2 0.616784 0.554954 0.023166 0.036702
2 0.374261 0.232744 0.013626 0.054228
2 0.725063 0.455339 0.019952 0.034797
2 0.025781 0.491023 0.033125 0.026405
2 0.460583 0.265231 0.057422 0.107076
2 0.643477 0.470381 0.023175 0.030631
2 0.458857 0.581798 0.021528 0.047801
2 0.751361 0.454314 0.021129 0.032980
2 0.603691 0.601913 0.012441 0.041879
2 0.443033 0.459579 0.010834 0.024686
2 0.536013 0.615017 0.016852 0.041737
2 0.870019 0.948317 0.029020 0.030248
2 0.269568 0.524397 0.039180 0.039229
2 0.137542 0.483401 0.018807 0.026555
2 0.268171 0.528302 0.034059 0.031492
2 0.281615 0.201633 0.012210 0.021218
2 0.173674 0.486204 0.030680 0.042551
2 0.586545 0.594592 0.016361 0.032793
2 0.410277 0.356839 0.008730 0.025016
2 0.502042 0.917540 0.027378 0.034520
2 0.322602 0.532299 0.011823 0.020180
2 0.729878 0.576436 0.054161 0.031246
2 0.308271 0.565733 0.012117 0.021711
2 0.473938 0.452140 0.009739 0.023036
2 0.388227 0.695757 0.016496 0.038015
2 0.805250 0.778652 0.017772 0.048284
2 0.510479 0.099646 0.042430 0.079128
2 0.434221 0.898330 0.038388 0.059169
2 0.308182 0.139063 0.011090 0.019841
2 0.571575 0.623647 0.010028 0.030957
