0 0.300237 0.545774 0.004678 0.018746
0 0.465731 0.432274 0.007986 0.025682
0 0.469633 0.428084 0.004456 0.022653
0 0.380648 0.589023 0.004946 0.022052
0 0.411083 0.417038 0.006222 0.020949
0 0.582348 0.434192 0.005080 0.020773
0 0.660738 0.572900 0.006609 0.027666
0 0.455182 0.659732 0.005546 0.021882
0 0.371964 0.638081 0.007397 0.023867
0 0.647856 0.564065 0.009115 0.029381
0 0.675614 0.547570 0.007306 0.029151
0 0.188823 0.622027 0.004018 0.015218
0 0.416353 0.394798 0.004521 0.020713
0 0.557954 0.521458 0.005632 0.018501
0 0.542114 0.573645 0.007342 0.024214
0 0.501661 0.670857 0.006343 0.029096
0 0.406691 0.661873 0.003927 0.017900
0 0.616718 0.590053 0.007245 0.025446
0 0.556853 0.441163 0.004586 0.019329
0 0.491788 0.810675 0.005231 0.020375
0 0.340481 0.395425 0.005796 0.022956
0 0.565037 0.432305 0.006894 0.020765
0 0.531981 0.485860 0.006035 0.021235
0 0.557179 0.417354 0.004529 0.018074
0 0.457620 0.715028 0.005392 0.025038
0 0.725464 0.412297 0.006608 0.022562
0 0.696715 0.426409 0.005337 0.018181
0 0.418997 0.683682 0.004801 0.019839
0 0.454892 0.476775 0.010664 0.023275
0 0.870247 0.537951 0.006862 0.025895
0 0.387316 0.387598 0.007280 0.019174
0 0.709779 0.550652 0.005685 0.026948
0 0.763307 0.734803 0.005963 0.021924
0 0.698583 0.550435 0.006383 0.018608
0 0.705511 0.767938 0.006617 0.024498
0 0.590256 0.698521 0.004355 0.017734
0 0.178948 0.614566 0.006097 0.024041
0 0.430675 0.681025 0.004561 0.018878
0 0.561477 0.433443 0.004023 0.017979
0 0.496907 0.789016 0.006758 0.018128
0 0.331149 0.526794 0.004119 0.018480
0 0.792081 0.540912 0.004945 0.018668
0 0.424173 0.384256 0.008628 0.024916
0 0.451412 0.371373 0.005021 0.013498
0 0.398037 0.696262 0.005452 0.023687
0 0.585823 0.759238 0.005567 0.020209
0 0.576378 0.840385 0.005911 0.026673
0 0.581248 0.718452 0.009918 0.024464
0 0.591622 0.737167 0.005462 0.019529
0 0.711387 0.758397 0.005893 0.024620
0 0.800254 0.543868 0.004368 0.023665
0 0.553252 0.641956 0.007061 0.023249
0 0.352878 0.313008 0.003766 0.014484
0 0.507607 0.838697 0.006071 0.022069
0 0.354203 0.326888 0.006093 0.023064
0 0.002652 0.628469 0.005134 0.023326
0 0.410623 0.685069 0.005159 0.019183
0 0.568490 0.749537 0.008284 0.024666
0 0.689097 0.545240 0.009091 0.022490
0 0.206995 0.485302 0.003168 0.009306
0 0.341063 0.266011 0.005108 0.014420
0 0.141651 0.668242 0.006913 0.025342
0 0.181645 0.619617 0.005481 0.015100
2 0.502210 0.917550 0.027455 0.034496
3 0.495371 0.444259 0.020817 0.030432
3 0.518359 0.449018 0.018722 0.034217
3 0.286522 0.567974 0.012528 0.018246
3 0.300333 0.515358 0.012402 0.019671
3 0.017816 0.537094 0.014579 0.016270
3 0.308186 0.140184 0.011123 0.021354
3 0.553497 0.479117 0.017016 0.034394
3 0.271982 0.532980 0.029544 0.022797
3 0.004080 0.545426 0.008126 0.013323
3 0.533100 0.437124 0.012467 0.020327
3 0.475345 0.536946 0.011339 0.043065
3 0.513613 0.542254 0.017393 0.033522
3 0.281891 0.201482 0.011848 0.019812
3 0.145373 0.528787 0.013429 0.017161
3 0.142631 0.512868 0.014092 0.014439
2 0.870232 0.948884 0.028843 0.030679
3 0.396135 0.296019 0.014346 0.035727
2 0.342287 0.666949 0.020124 0.046514
3 0.739180 0.463733 0.012740 0.018096
3 0.157895 0.573962 0.013625 0.013589
2 0.320066 0.474678 0.026958 0.048896
3 0.376570 0.514053 0.016064 0.028030
3 0.157342 0.496502 0.011951 0.012903
3 0.602295 0.440713 0.016391 0.015467
3 0.541093 0.621006 0.013980 0.030712
3 0.093542 0.536576 0.013591 0.015379
2 0.215038 0.765291 0.018552 0.056357
2 0.026369 0.492021 0.036701 0.024942
3 0.761145 0.444763 0.018654 0.013825
3 0.665815 0.569867 0.016845 0.025154
3 0.616513 0.553115 0.021783 0.033356
3 0.758387 0.460731 0.014828 0.018049
3 0.780900 0.460412 0.013771 0.017482
3 0.400407 0.632510 0.018303 0.032954
3 0.191998 0.616178 0.009676 0.016399
2 0.592067 0.660263 0.015390 0.052685
3 0.143676 0.490132 0.008963 0.008476
3 0.775737 0.770449 0.013738 0.019751
3 0.265085 0.483054 0.007303 0.016586
3 0.313431 0.428251 0.013043 0.023201
3 0.609571 0.585020 0.021778 0.016130
3 0.254290 0.487521 0.020019 0.029325
3 0.110564 0.577734 0.011011 0.021598
3 0.330396 0.573907 0.005961 0.024374
3 0.569076 0.627852 0.015443 0.038290
3 0.483268 0.466985 0.009913 0.022464
3 0.788204 0.546587 0.009898 0.025351
3 0.531981 0.485860 0.006035 0.021235
3 0.781222 0.459663 0.012906 0.014419
3 0.110584 0.578968 0.011052 0.024065
3 0.341215 0.273030 0.005870 0.028459
3 0.739232 0.465558 0.012797 0.014446
3 0.746388 0.411900 0.011251 0.017597
3 0.186249 0.615584 0.020828 0.022629
3 0.768433 0.549669 0.010816 0.021112
3 0.802199 0.500834 0.014573 0.022613
3 0.335033 0.527129 0.011715 0.020449
3 0.354203 0.326888 0.006093 0.023064
3 0.323016 0.223954 0.005441 0.019132
3 0.685195 0.515942 0.014730 0.023288
3 0.335474 0.226215 0.006357 0.021482
3 0.190786 0.616632 0.013439 0.021128
3 0.454892 0.476775 0.010664 0.023275
3 0.718898 0.432823 0.011049 0.021040
3 0.689187 0.545265 0.009496 0.022957
3 0.835445 0.760946 0.010797 0.024911
3 0.421770 0.592569 0.008417 0.024200
3 0.556829 0.611628 0.007061 0.023913
3 0.327128 0.196110 0.008395 0.022818
3 0.017818 0.537107 0.014445 0.016243
3 0.416353 0.394798 0.004521 0.020713
3 0.948892 0.542075 0.008707 0.020115
3 0.582511 0.545439 0.005964 0.014553
3 0.734032 0.538829 0.019132 0.034742
3 0.372038 0.638937 0.005684 0.022156
3 0.144918 0.526448 0.014340 0.021839
3 0.910633 0.531374 0.011615 0.026559
3 0.285516 0.179334 0.004679 0.011945
3 0.925502 0.532432 0.008945 0.023399
3 0.930930 0.540115 0.013213 0.021813
3 0.665815 0.569867 0.016845 0.025154
3 0.712707 0.515212 0.014817 0.024615
3 0.232886 0.559040 0.013141 0.019968
3 0.340840 0.394380 0.005078 0.020866
3 0.581305 0.718633 0.010033 0.024827
3 0.758594 0.460463 0.014668 0.018373
3 0.675631 0.547759 0.007273 0.029529
3 0.300336 0.547918 0.003986 0.014631
3 0.698696 0.550686 0.006831 0.019111
3 0.801345 0.543112 0.006809 0.024993
3 0.157012 0.500586 0.011898 0.020795
3 0.893985 0.440406 0.011931 0.022192
3 0.594800 0.918071 0.008383 0.020198
3 0.684221 0.564658 0.009528 0.014912
3 0.711262 0.416094 0.005654 0.018054
3 0.239692 0.496948 0.011064 0.018001
3 0.157895 0.573962 0.013625 0.013589
3 0.648145 0.566459 0.007786 0.024592
5 0.336320 0.582273 0.018421 0.041327
5 0.616903 0.555480 0.022612 0.036225
5 0.323670 0.310379 0.012483 0.062192
5 0.556694 0.571435 0.018357 0.041645
5 0.195255 0.515855 0.031129 0.034106
5 0.442245 0.530307 0.052709 0.095604
5 0.585102 0.481843 0.036234 0.045926
5 0.657716 0.931728 0.077897 0.135640
5 0.322357 0.809871 0.111380 0.064985
5 0.315599 0.411002 0.017958 0.057258
5 0.319842 0.474705 0.026050 0.048842
2 0.194710 0.514855 0.032203 0.035996
2 0.319983 0.474558 0.027779 0.049335
2 0.248760 0.509083 0.030403 0.042407
2 0.400373 0.632442 0.018458 0.032799
2 0.315599 0.411002 0.017958 0.057258
7 0.657697 0.931204 0.080071 0.136827
2 0.342038 0.666495 0.020841 0.047212
2 0.325248 0.356058 0.014478 0.061654
2 0.376570 0.514201 0.016064 0.028318
2 0.323436 0.310379 0.012949 0.062192
2 0.376071 0.256438 0.015560 0.052429
2 0.215028 0.765126 0.018532 0.056028
2 0.585102 0.481843 0.036234 0.045926
2 0.592328 0.659490 0.016032 0.052874
2 0.518374 0.450087 0.018752 0.032078
2 0.314822 0.190469 0.013450 0.038691
2 0.316915 0.253695 0.012311 0.035624
2 0.336361 0.581678 0.018273 0.040136
2 0.342806 0.335005 0.009509 0.046422
2 0.401621 0.247132 0.013459 0.039426
2 0.351812 0.700600 0.024652 0.057224
2 0.396135 0.296019 0.014346 0.035727
2 0.399411 0.743598 0.020952 0.029410
2 0.616906 0.555015 0.022683 0.037155
2 0.025678 0.494723 0.039199 0.033319
2 0.495304 0.436728 0.021504 0.048011
2 0.475345 0.536946 0.011339 0.043065
2 0.870232 0.948884 0.028843 0.030679
2 0.556655 0.572152 0.018205 0.043424
2 0.569079 0.628918 0.015451 0.040421
2 0.603852 0.601961 0.012594 0.041591
2 0.254548 0.487406 0.020743 0.029782
2 0.760240 0.453938 0.020168 0.032062
2 0.383719 0.694892 0.031393 0.036309
2 0.553338 0.479153 0.017154 0.034466
2 0.139552 0.482087 0.022896 0.023636
2 0.106952 0.527670 0.027248 0.029714
2 0.806596 0.779510 0.015532 0.042570
2 0.340990 0.165831 0.012729 0.041913
2 0.608976 0.908074 0.011909 0.018920
2 0.729639 0.576919 0.054676 0.030471
2 0.451807 0.590003 0.021122 0.043503
2 0.208863 0.657107 0.046962 0.055730
2 0.657290 0.469439 0.022763 0.030560
2 0.180813 0.483163 0.020357 0.035400
2 0.300283 0.515358 0.012283 0.019671
2 0.603375 0.987559 0.013674 0.025252
2 0.734702 0.452459 0.021031 0.036610
2 0.502210 0.917626 0.027455 0.034344
2 0.586660 0.594373 0.016539 0.032481
2 0.644702 0.321210 0.068538 0.131000
2 0.308199 0.140005 0.011097 0.020997
2 0.541459 0.620726 0.013092 0.029034
2 0.463945 0.762484 0.017930 0.031041
2 0.281918 0.201482 0.011709 0.019812
2 0.174655 0.660358 0.032577 0.052073
2 0.857262 0.913763 0.016097 0.040242
2 0.513613 0.542254 0.017393 0.033522
2 0.588551 0.429364 0.017382 0.030383
2 0.286599 0.567957 0.012310 0.017924
2 0.424173 0.384256 0.008628 0.024916
2 0.378320 0.747828 0.027000 0.034785
