0 0.379617 0.584485 0.005249 0.022746
0 0.340262 0.402968 0.005761 0.021676
0 0.457077 0.660627 0.004920 0.022131
0 0.553286 0.440731 0.005702 0.021230
0 0.660346 0.572911 0.006280 0.027068
0 0.678703 0.546877 0.008649 0.033125
0 0.297252 0.542436 0.004031 0.018867
0 0.651283 0.561233 0.008775 0.029776
0 0.415450 0.407697 0.006589 0.034049
0 0.725454 0.412536 0.006699 0.022664
0 0.616108 0.591017 0.006962 0.025708
0 0.468354 0.423037 0.004555 0.022208
0 0.577534 0.436098 0.005234 0.020132
0 0.593456 0.874383 0.005689 0.019018
0 0.502079 0.689138 0.006654 0.029095
0 0.371790 0.637800 0.007290 0.024127
0 0.464327 0.427123 0.007942 0.025455
0 0.531055 0.481178 0.005483 0.019567
0 0.490925 0.804841 0.005089 0.019499
0 0.540546 0.564892 0.007563 0.023194
0 0.322488 0.217643 0.005283 0.020188
0 0.433727 0.684428 0.006176 0.021722
0 0.457525 0.714786 0.005637 0.024988
0 0.693369 0.541523 0.008146 0.022385
0 0.387868 0.387350 0.005436 0.018981
0 0.418976 0.683912 0.004906 0.020244
0 0.696647 0.426436 0.005244 0.018053
0 0.557052 0.417566 0.003919 0.017572
0 0.709529 0.550851 0.005276 0.026889
0 0.711644 0.412402 0.006845 0.024792
0 0.557704 0.521641 0.005401 0.018066
0 0.188635 0.621864 0.003954 0.015199
0 0.415372 0.413547 0.005841 0.022902
0 0.562192 0.432626 0.004712 0.019656
0 0.410698 0.665115 0.004708 0.018145
0 0.698427 0.551656 0.007236 0.022738
0 0.870294 0.537851 0.007254 0.026146
0 0.358121 0.347658 0.005892 0.029190
0 0.705084 0.768905 0.006007 0.026400
0 0.591136 0.699743 0.004900 0.018368
0 0.496767 0.788866 0.006701 0.018513
0 0.341000 0.291261 0.005435 0.016700
0 0.563545 0.483039 0.005305 0.019559
0 0.509808 0.839423 0.003175 0.011013
0 0.180404 0.614104 0.008727 0.026320
0 0.594418 0.912443 0.008193 0.020814
0 0.568012 0.720792 0.007975 0.024536
0 0.520961 0.498740 0.006004 0.032224
0 0.709877 0.762311 0.007443 0.028101
0 0.760888 0.736163 0.007200 0.020683
0 0.598608 0.884982 0.003566 0.018688
0 0.787514 0.546496 0.009433 0.024431
0 0.692090 0.417557 0.006035 0.025773
0 0.566337 0.432379 0.004130 0.020711
0 0.336830 0.234243 0.004415 0.012529
2 0.501949 0.917360 0.027322 0.034421
2 0.577925 0.478473 0.032580 0.037238
3 0.545443 0.483506 0.016707 0.034692
3 0.275290 0.532528 0.019723 0.020610
3 0.281604 0.201427 0.012110 0.020464
3 0.284219 0.514369 0.012530 0.018842
2 0.342216 0.666631 0.020231 0.046697
3 0.308169 0.139486 0.011049 0.020517
3 0.305847 0.565747 0.012093 0.020781
3 0.793046 0.451633 0.017106 0.025004
3 0.725576 0.464251 0.013336 0.018623
2 0.310018 0.483807 0.029134 0.041949
2 0.616873 0.554928 0.022978 0.036576
2 0.591796 0.660109 0.015264 0.053621
3 0.473948 0.524082 0.012048 0.043339
2 0.214854 0.765560 0.018472 0.056005
3 0.668967 0.567955 0.009978 0.022204
3 0.553835 0.574115 0.017522 0.037152
3 0.536951 0.610638 0.015269 0.030067
2 0.026898 0.491951 0.035079 0.024669
3 0.444244 0.461793 0.010875 0.024243
3 0.751888 0.453112 0.018747 0.031308
3 0.775278 0.460764 0.014066 0.015615
3 0.496410 0.442642 0.018552 0.028311
3 0.603686 0.601933 0.012364 0.041561
2 0.870135 0.948397 0.028734 0.030153
3 0.384264 0.526110 0.015493 0.027722
3 0.324076 0.530763 0.011736 0.018885
3 0.505523 0.521028 0.017350 0.034036
3 0.703618 0.512862 0.013882 0.022311
3 0.463185 0.766802 0.019193 0.034606
3 0.644840 0.470366 0.023204 0.030266
3 0.375207 0.693793 0.014629 0.028323
2 0.190215 0.513698 0.031216 0.033533
3 0.732171 0.515166 0.014381 0.021164
3 0.722651 0.430097 0.012864 0.017270
3 0.703583 0.513156 0.013953 0.023084
3 0.341016 0.298005 0.006022 0.028570
3 0.774374 0.460907 0.011495 0.013934
3 0.827639 0.498548 0.014573 0.023677
3 0.768457 0.549708 0.010976 0.021464
3 0.746199 0.411883 0.011108 0.017244
3 0.372052 0.638961 0.005582 0.022877
3 0.568012 0.720752 0.007975 0.024455
3 0.880196 0.439712 0.012185 0.021411
3 0.448585 0.626631 0.009913 0.023123
3 0.594418 0.912443 0.008193 0.020814
3 0.788047 0.545729 0.009602 0.024434
3 0.444262 0.461647 0.010888 0.024591
3 0.358121 0.348708 0.005892 0.027091
3 0.971310 0.448847 0.013919 0.017961
3 0.285405 0.179058 0.004883 0.012192
3 0.284277 0.514322 0.012413 0.018673
3 0.615734 0.594586 0.006206 0.019255
3 0.651519 0.561543 0.008796 0.029344
3 0.454841 0.715450 0.011688 0.024628
3 0.324219 0.532391 0.012769 0.022460
3 0.178993 0.578742 0.013979 0.021094
3 0.508800 0.846042 0.005907 0.023074
3 0.983594 0.486565 0.015619 0.021193
3 0.484950 0.855797 0.008543 0.021828
3 0.684020 0.562043 0.010341 0.020448
3 0.693387 0.541617 0.008210 0.022196
3 0.816273 0.542468 0.007399 0.024906
3 0.305866 0.565806 0.011986 0.020215
3 0.668913 0.568813 0.010085 0.023920
3 0.186831 0.614814 0.021980 0.024116
3 0.411470 0.362992 0.009616 0.029263
3 0.308169 0.139486 0.011049 0.020517
3 0.732794 0.546755 0.018439 0.022206
3 0.801372 0.543009 0.007183 0.025325
3 0.553694 0.622546 0.005942 0.019030
3 0.583731 0.899745 0.006837 0.018052
3 0.502027 0.691223 0.005675 0.026214
3 0.856444 0.529694 0.009062 0.019999
3 0.740973 0.529598 0.011735 0.020998
3 0.118749 0.586083 0.011918 0.025365
3 0.429913 0.610298 0.006737 0.021844
3 0.891046 0.534684 0.013533 0.024290
3 0.582322 0.545415 0.005642 0.014139
3 0.341000 0.291261 0.005435 0.016700
3 0.595105 0.884994 0.007499 0.020408
3 0.555742 0.613109 0.004890 0.017076
3 0.576984 0.438485 0.004013 0.015424
3 0.948843 0.541932 0.008815 0.020628
3 0.562883 0.626219 0.006610 0.023583
3 0.461812 0.747054 0.011283 0.014025
3 0.587881 0.731787 0.010841 0.027893
3 0.467514 0.782993 0.011250 0.019826
3 0.702065 0.416953 0.008748 0.017566
3 0.870232 0.500936 0.013761 0.021019
3 0.835296 0.761667 0.010833 0.024203
3 0.340682 0.406354 0.004272 0.015642
3 0.164330 0.495313 0.012546 0.027118
3 0.793077 0.436260 0.011540 0.012886
3 0.725454 0.412536 0.006699 0.022664
3 0.930973 0.539779 0.013064 0.021970
3 0.750944 0.461602 0.013916 0.016673
3 0.379555 0.587544 0.004361 0.015838
5 0.322848 0.809519 0.112362 0.064161
5 0.316879 0.264999 0.012561 0.059316
5 0.441933 0.530197 0.052789 0.093887
5 0.616953 0.554928 0.022818 0.036576
5 0.657679 0.931507 0.078076 0.135764
5 0.348926 0.582374 0.018134 0.033786
5 0.315365 0.410946 0.017753 0.057460
5 0.342216 0.666631 0.020231 0.046697
2 0.325188 0.354372 0.014380 0.058708
2 0.189995 0.514845 0.031580 0.035807
2 0.310018 0.483465 0.029134 0.042592
2 0.238009 0.510035 0.029460 0.046313
2 0.341895 0.666390 0.021062 0.047214
2 0.323258 0.309984 0.013292 0.061172
7 0.657544 0.930990 0.079872 0.137014
2 0.400308 0.632182 0.018694 0.032817
2 0.577769 0.479629 0.034072 0.041121
2 0.214854 0.765402 0.018472 0.055689
2 0.384019 0.533600 0.016178 0.043098
2 0.348873 0.582374 0.018240 0.033786
2 0.495892 0.435362 0.021641 0.047829
2 0.351462 0.700069 0.025425 0.056661
2 0.314827 0.189723 0.013430 0.037027
2 0.316897 0.253665 0.012269 0.036479
2 0.518199 0.450053 0.018592 0.031333
2 0.545529 0.483268 0.017635 0.034968
2 0.592390 0.660109 0.016452 0.053621
2 0.751967 0.454097 0.020815 0.033278
2 0.341851 0.192592 0.013162 0.053197
2 0.463185 0.766802 0.019193 0.034606
2 0.343592 0.349542 0.009806 0.048121
2 0.401691 0.247447 0.013102 0.039422
2 0.399343 0.743218 0.021149 0.029154
2 0.553445 0.576554 0.017867 0.045397
2 0.616873 0.554928 0.022978 0.036576
2 0.026898 0.491124 0.035079 0.026353
2 0.375207 0.693793 0.014629 0.028323
2 0.315393 0.410864 0.018005 0.058055
2 0.373654 0.225419 0.011621 0.031955
2 0.473948 0.524108 0.012048 0.043391
2 0.726057 0.455511 0.019685 0.035952
2 0.793046 0.451633 0.017106 0.025004
2 0.458041 0.583447 0.021615 0.046157
2 0.444257 0.461647 0.010899 0.024591
2 0.501949 0.917360 0.027322 0.034421
2 0.504520 0.529762 0.019447 0.051217
2 0.335708 0.593585 0.018730 0.025600
2 0.608929 0.907879 0.012198 0.018233
2 0.536951 0.610638 0.015269 0.030067
2 0.586440 0.594636 0.016637 0.032782
2 0.870135 0.948397 0.028734 0.030153
2 0.645075 0.470515 0.023675 0.030776
2 0.137256 0.482850 0.019419 0.025306
2 0.603686 0.601933 0.012364 0.041561
2 0.392653 0.281042 0.010784 0.032157
2 0.729938 0.576482 0.054287 0.031309
2 0.281604 0.201427 0.012110 0.020464
2 0.460809 0.264052 0.057690 0.109217
2 0.388269 0.696154 0.016117 0.038577
2 0.284163 0.514369 0.012416 0.018842
2 0.305850 0.565747 0.012087 0.020781
2 0.276975 0.532810 0.016262 0.019766
2 0.308169 0.139486 0.011049 0.020517
2 0.520333 0.433230 0.018087 0.034228
2 0.805442 0.779014 0.017135 0.047162
2 0.324076 0.530763 0.011736 0.018885
2 0.854841 0.776068 0.014616 0.050311
2 0.474821 0.453633 0.009349 0.022603
2 0.630877 0.276809 0.022550 0.041068
2 0.379089 0.746559 0.024464 0.033099
2 0.571547 0.623484 0.010151 0.030383
2 0.603784 0.987484 0.014671 0.025295
2 0.174913 0.659687 0.034085 0.051542
2 0.434165 0.900475 0.037975 0.055280
