0 0.379742 0.584609 0.004880 0.023481
0 0.456716 0.661078 0.005865 0.023040
0 0.677915 0.547474 0.008131 0.031051
0 0.340160 0.400852 0.005492 0.023193
0 0.660438 0.572841 0.006265 0.027002
0 0.502083 0.686197 0.006362 0.026902
0 0.579007 0.435724 0.005243 0.020009
0 0.616157 0.590754 0.006850 0.025780
0 0.540525 0.567456 0.007877 0.023402
0 0.372094 0.638503 0.005508 0.022281
0 0.725410 0.412356 0.006589 0.022613
0 0.554197 0.441002 0.005242 0.021618
0 0.649977 0.562013 0.010047 0.029600
0 0.432972 0.683953 0.005114 0.020615
0 0.567793 0.727680 0.006677 0.026159
0 0.531273 0.481633 0.005773 0.019029
0 0.297729 0.543226 0.003937 0.018263
0 0.464621 0.426598 0.009147 0.026976
0 0.457555 0.714795 0.005439 0.024940
0 0.448155 0.769799 0.004130 0.019764
0 0.409771 0.663501 0.004146 0.017558
0 0.414989 0.408774 0.007094 0.033755
0 0.188726 0.621821 0.004018 0.015188
0 0.696627 0.426435 0.005210 0.017936
0 0.649384 0.555896 0.007443 0.019885
0 0.870293 0.537883 0.006928 0.026005
0 0.418867 0.683675 0.004768 0.020138
0 0.470109 0.809937 0.005324 0.024992
0 0.468492 0.424679 0.004636 0.020101
0 0.692578 0.541803 0.008007 0.022107
0 0.491276 0.805905 0.005509 0.019125
0 0.387889 0.387497 0.005632 0.019238
0 0.561973 0.432940 0.004472 0.019228
0 0.709704 0.551147 0.005636 0.027051
0 0.590872 0.699876 0.004826 0.017836
0 0.557827 0.521750 0.005501 0.018059
0 0.711649 0.412543 0.006795 0.025384
0 0.557471 0.416866 0.003956 0.017190
0 0.415632 0.398173 0.004592 0.017982
0 0.593523 0.875397 0.005446 0.017583
0 0.705356 0.768890 0.006511 0.026297
0 0.341059 0.285220 0.005039 0.014589
0 0.322585 0.218521 0.005686 0.019616
0 0.584675 0.754570 0.005233 0.017199
0 0.566390 0.432268 0.004048 0.020695
0 0.698379 0.551019 0.007060 0.020953
0 0.397731 0.692018 0.005582 0.030938
0 0.357033 0.333114 0.004525 0.014900
0 0.508668 0.842751 0.005488 0.022867
0 0.410473 0.685123 0.004957 0.019236
0 0.178718 0.617064 0.005189 0.019002
0 0.585080 0.728262 0.007072 0.023560
0 0.195349 0.471756 0.005600 0.024546
0 0.597469 0.885905 0.004261 0.020372
0 0.557889 0.597481 0.006197 0.022657
0 0.727860 0.466434 0.009467 0.013385
2 0.501566 0.917327 0.028207 0.034311
3 0.300961 0.567121 0.012079 0.021501
3 0.288238 0.514749 0.012269 0.019998
3 0.776222 0.460487 0.014010 0.015036
3 0.271383 0.531545 0.029006 0.024379
2 0.341887 0.666587 0.020697 0.047045
3 0.616309 0.553215 0.021820 0.032604
3 0.281648 0.201339 0.012111 0.020105
3 0.308211 0.139512 0.010962 0.020528
2 0.214920 0.765539 0.018582 0.056023
3 0.474195 0.526187 0.011941 0.044231
2 0.191146 0.513390 0.031983 0.033584
3 0.132841 0.530352 0.012851 0.014977
3 0.547230 0.482359 0.017037 0.035210
2 0.580071 0.477798 0.032383 0.037450
2 0.026966 0.492084 0.035114 0.024767
2 0.312133 0.482107 0.028016 0.045313
3 0.518723 0.448719 0.017468 0.031151
3 0.507279 0.526396 0.017387 0.035359
3 0.326865 0.529826 0.011853 0.019097
2 0.870081 0.948232 0.028643 0.030144
3 0.768508 0.549074 0.010691 0.020030
2 0.591882 0.659975 0.015237 0.053874
3 0.796978 0.444863 0.017500 0.031705
3 0.329808 0.597148 0.007211 0.031437
3 0.602383 0.440303 0.017055 0.016687
3 0.753383 0.452907 0.017051 0.031496
3 0.003991 0.540077 0.007833 0.015502
3 0.728378 0.463988 0.012929 0.017815
3 0.414663 0.364822 0.008997 0.022913
3 0.668902 0.567807 0.009812 0.022513
3 0.382373 0.522907 0.015761 0.027536
3 0.446978 0.465647 0.011176 0.024237
3 0.313324 0.427956 0.012890 0.024035
3 0.375245 0.693792 0.014606 0.028071
3 0.255346 0.485158 0.022528 0.027965
3 0.977744 0.448741 0.014190 0.016769
3 0.775666 0.769843 0.013187 0.018813
3 0.525327 0.426090 0.016844 0.027575
3 0.174015 0.578028 0.013671 0.020562
3 0.134219 0.512563 0.014549 0.014776
3 0.240887 0.555518 0.013018 0.017290
3 0.721764 0.430350 0.012621 0.016521
3 0.341217 0.293263 0.006290 0.028303
3 0.357448 0.343448 0.006163 0.028774
3 0.508485 0.846788 0.005685 0.016630
3 0.371930 0.637818 0.007683 0.025358
3 0.776216 0.460306 0.012939 0.014171
3 0.768477 0.550241 0.010765 0.022518
3 0.446929 0.465664 0.011078 0.024272
3 0.326848 0.529892 0.011886 0.019868
3 0.288260 0.514636 0.012225 0.019771
3 0.727329 0.515071 0.013713 0.020924
3 0.428034 0.604626 0.008199 0.022874
3 0.116977 0.584523 0.012712 0.025074
3 0.788037 0.546191 0.009572 0.024219
3 0.594470 0.913854 0.007879 0.019986
3 0.584319 0.897522 0.007996 0.025022
3 0.300961 0.567121 0.012079 0.021501
3 0.553219 0.628921 0.005464 0.016121
3 0.297729 0.543191 0.003937 0.018129
3 0.191183 0.616459 0.012938 0.020989
3 0.414352 0.366741 0.009619 0.027124
3 0.563241 0.629002 0.006432 0.022784
3 0.285443 0.179125 0.004803 0.012260
3 0.454682 0.715444 0.011615 0.024888
3 0.133494 0.521919 0.015423 0.033223
3 0.746265 0.412038 0.011232 0.017195
3 0.175538 0.578155 0.018538 0.023189
3 0.665702 0.569940 0.016688 0.026780
3 0.476648 0.456270 0.009220 0.022244
3 0.445736 0.623476 0.010094 0.021547
3 0.162537 0.495157 0.013026 0.028993
3 0.977744 0.448741 0.014190 0.016769
3 0.502157 0.678608 0.005178 0.018295
3 0.739440 0.529364 0.013458 0.019181
3 0.308211 0.139512 0.010962 0.020528
3 0.683653 0.562177 0.010737 0.020278
3 0.615704 0.594362 0.006014 0.019615
3 0.484993 0.855348 0.008373 0.021122
3 0.408921 0.699654 0.009928 0.018388
3 0.699988 0.513682 0.014613 0.023355
3 0.238330 0.496025 0.011164 0.017758
3 0.677430 0.550669 0.007396 0.024780
3 0.326372 0.201542 0.010324 0.025323
3 0.182207 0.616506 0.012056 0.020764
3 0.593576 0.888616 0.005064 0.016741
3 0.883672 0.439142 0.012027 0.022545
3 0.467524 0.782927 0.011214 0.020056
3 0.692605 0.541923 0.007952 0.021867
3 0.822925 0.499469 0.011620 0.022766
3 0.801307 0.543066 0.007184 0.024979
3 0.340521 0.401774 0.004772 0.021349
3 0.578312 0.439349 0.003912 0.013098
3 0.702053 0.416896 0.008708 0.017326
3 0.322585 0.218521 0.005686 0.019616
3 0.948808 0.541955 0.008792 0.020082
3 0.461806 0.747272 0.011393 0.013892
3 0.582325 0.545483 0.005556 0.014130
5 0.345931 0.581393 0.018208 0.033735
5 0.554386 0.574718 0.017516 0.043999
5 0.547203 0.482359 0.016984 0.035210
5 0.191192 0.515573 0.031062 0.034125
5 0.323581 0.309716 0.012458 0.061169
5 0.315473 0.411279 0.017787 0.057123
5 0.322739 0.810338 0.112144 0.065212
5 0.441774 0.529810 0.052292 0.093461
5 0.616925 0.554788 0.022786 0.036491
5 0.314730 0.188967 0.013393 0.035701
5 0.342136 0.666812 0.020199 0.046595
5 0.657526 0.931501 0.078408 0.135791
5 0.580071 0.479108 0.032383 0.040293
5 0.316991 0.253862 0.012041 0.036609
2 0.239367 0.515264 0.028824 0.033172
2 0.312133 0.483262 0.028016 0.047625
2 0.191146 0.514733 0.031983 0.036069
7 0.657361 0.930963 0.080468 0.137045
2 0.345957 0.581208 0.018269 0.033365
2 0.341933 0.666581 0.020789 0.047034
2 0.325275 0.353913 0.014183 0.058019
2 0.400358 0.632321 0.018806 0.033008
2 0.579099 0.478938 0.034325 0.040633
2 0.382373 0.522907 0.015761 0.027536
2 0.323258 0.309739 0.013105 0.060838
2 0.518380 0.449569 0.019047 0.032304
2 0.351643 0.699841 0.025055 0.056136
2 0.495677 0.435645 0.021154 0.047992
2 0.592232 0.659975 0.015936 0.053874
2 0.214920 0.765387 0.018582 0.055719
2 0.753604 0.453815 0.019854 0.033312
2 0.315459 0.411258 0.017954 0.057215
2 0.463251 0.765095 0.019262 0.037702
2 0.314730 0.188967 0.013393 0.035701
2 0.316941 0.253862 0.012142 0.036609
2 0.554386 0.574718 0.017516 0.043999
2 0.341757 0.186758 0.013771 0.050525
2 0.026966 0.491656 0.035114 0.026203
2 0.399204 0.743511 0.020940 0.029774
2 0.401712 0.248209 0.013786 0.040134
2 0.375050 0.241881 0.014591 0.058447
2 0.546931 0.482054 0.017816 0.035820
2 0.474186 0.526187 0.011960 0.044231
2 0.616858 0.554788 0.022918 0.036491
2 0.648398 0.470249 0.023631 0.031445
2 0.270756 0.529213 0.030261 0.029344
2 0.335715 0.594929 0.018905 0.028098
2 0.506516 0.535512 0.019518 0.050814
2 0.394402 0.286210 0.011801 0.036847
2 0.255346 0.485772 0.022528 0.029193
2 0.375245 0.693792 0.014606 0.028071
2 0.537194 0.618408 0.016278 0.042126
2 0.585003 0.608614 0.025506 0.064130
2 0.608961 0.907850 0.012370 0.018284
2 0.729894 0.576590 0.054280 0.031015
2 0.501566 0.917327 0.028207 0.034311
2 0.870081 0.948232 0.028643 0.030144
2 0.343442 0.345371 0.009755 0.047712
2 0.446978 0.465647 0.011176 0.024237
2 0.603736 0.601722 0.012399 0.041764
2 0.460468 0.264184 0.057415 0.110770
2 0.728268 0.453725 0.020078 0.033102
2 0.828347 0.985204 0.020501 0.024046
2 0.140117 0.482225 0.022829 0.022092
2 0.434061 0.903371 0.037938 0.051109
2 0.300957 0.567121 0.012072 0.021501
2 0.281676 0.201339 0.012022 0.020105
2 0.456697 0.584577 0.021300 0.046212
2 0.571356 0.623838 0.010597 0.031036
2 0.288179 0.514767 0.012150 0.019962
2 0.381406 0.745633 0.019853 0.031120
2 0.180376 0.474509 0.019845 0.019322
2 0.805679 0.779052 0.017115 0.046996
2 0.476648 0.456270 0.009220 0.022244
2 0.414663 0.364822 0.008997 0.022913
2 0.603843 0.987482 0.014843 0.025376
2 0.388224 0.696049 0.016031 0.038378
2 0.510523 0.098698 0.042475 0.077629
2 0.174145 0.659868 0.033055 0.051696
2 0.308211 0.139512 0.010962 0.020528
2 0.631079 0.276699 0.022598 0.040756
2 0.828939 0.913804 0.031922 0.027062
