0 0.340559 0.405961 0.005858 0.024563
0 0.379103 0.583237 0.004987 0.022067
0 0.552350 0.440819 0.006082 0.021407
0 0.660362 0.573071 0.006054 0.027031
0 0.458060 0.660844 0.005327 0.023069
0 0.467880 0.421889 0.004958 0.022082
0 0.652315 0.562333 0.008913 0.032651
0 0.490322 0.802387 0.004558 0.021721
0 0.540088 0.563092 0.006704 0.021889
0 0.434615 0.686449 0.006255 0.020318
0 0.416110 0.407525 0.006282 0.032621
0 0.472099 0.814365 0.004619 0.018383
0 0.616170 0.591471 0.006908 0.025776
0 0.188689 0.622079 0.003946 0.014555
0 0.296674 0.541806 0.005189 0.017853
0 0.463759 0.425067 0.007203 0.024505
0 0.509080 0.849868 0.005681 0.019715
0 0.530799 0.479831 0.005745 0.021045
0 0.371839 0.638143 0.007386 0.024255
0 0.725341 0.412112 0.006585 0.022129
0 0.457113 0.715119 0.006624 0.024528
0 0.576474 0.435958 0.005752 0.019223
0 0.567318 0.712434 0.007108 0.026677
0 0.502386 0.696650 0.006643 0.026416
0 0.557101 0.417675 0.004434 0.018725
0 0.591277 0.700029 0.005342 0.018535
0 0.694352 0.541708 0.007485 0.021791
0 0.696651 0.426299 0.005353 0.017953
0 0.418826 0.683643 0.004681 0.020547
0 0.468663 0.803088 0.004548 0.021767
0 0.496815 0.788924 0.006796 0.018630
0 0.562307 0.432702 0.005044 0.019670
0 0.557763 0.521289 0.005621 0.018535
0 0.322311 0.215723 0.004553 0.020469
0 0.679193 0.545036 0.009289 0.036071
0 0.387705 0.387732 0.005059 0.019746
0 0.711691 0.412173 0.006874 0.024753
0 0.592935 0.872330 0.005482 0.019443
0 0.560741 0.483994 0.005514 0.018382
0 0.359072 0.347915 0.004599 0.016558
0 0.705039 0.768939 0.006066 0.026350
0 0.586148 0.737604 0.009053 0.036192
0 0.583203 0.897002 0.006646 0.017863
0 0.178761 0.617421 0.005406 0.018317
0 0.791958 0.540666 0.005119 0.018372
0 0.408723 0.690427 0.007177 0.030276
0 0.448774 0.769135 0.004681 0.018552
0 0.709581 0.550825 0.005374 0.026251
0 0.870369 0.537854 0.007241 0.025952
0 0.546325 0.847185 0.005089 0.018069
0 0.433339 0.660537 0.005708 0.021237
2 0.502156 0.917385 0.026848 0.034314
3 0.311898 0.564895 0.012453 0.022727
3 0.772946 0.460929 0.011984 0.013908
3 0.308167 0.139607 0.011001 0.020746
2 0.306607 0.487825 0.029654 0.042722
3 0.125725 0.509345 0.009519 0.012487
3 0.281564 0.201298 0.012169 0.020809
3 0.279385 0.514270 0.012041 0.018314
3 0.276567 0.534030 0.017248 0.017313
2 0.342220 0.666780 0.020121 0.046288
3 0.441169 0.456420 0.010532 0.024570
3 0.616272 0.553248 0.021998 0.032967
3 0.749010 0.454389 0.018811 0.032067
3 0.600984 0.449019 0.018560 0.031505
3 0.329818 0.597312 0.007166 0.031676
3 0.963569 0.448951 0.014107 0.018084
2 0.214856 0.765509 0.018401 0.055643
2 0.591675 0.659722 0.015150 0.053401
3 0.408369 0.353085 0.008837 0.024489
3 0.254069 0.482576 0.019537 0.021041
3 0.386586 0.529699 0.015248 0.026817
3 0.392371 0.278653 0.010138 0.031626
3 0.603727 0.601872 0.012393 0.041456
3 0.789513 0.451062 0.017272 0.030184
3 0.320538 0.534138 0.011781 0.021863
3 0.768505 0.549471 0.010906 0.020839
2 0.026721 0.491651 0.034958 0.025230
2 0.315528 0.410938 0.017708 0.057305
2 0.574923 0.478182 0.035150 0.037168
3 0.375266 0.693003 0.014632 0.026959
3 0.496036 0.444589 0.019162 0.031601
3 0.191871 0.615635 0.009640 0.015480
3 0.166803 0.492366 0.010880 0.012966
3 0.834107 0.497950 0.012871 0.022333
3 0.723481 0.429655 0.012347 0.017978
3 0.737676 0.514028 0.014006 0.020640
3 0.593976 0.911434 0.008111 0.019438
3 0.709346 0.510418 0.014861 0.021593
3 0.337429 0.257707 0.006434 0.023379
3 0.746189 0.411996 0.011200 0.017519
3 0.320573 0.534079 0.011852 0.022234
3 0.340820 0.304558 0.006028 0.028338
3 0.121012 0.588014 0.010914 0.022419
3 0.768459 0.549847 0.011048 0.021890
3 0.372008 0.638861 0.005699 0.022699
3 0.441173 0.456615 0.010446 0.024744
3 0.311898 0.564895 0.012453 0.022727
3 0.583203 0.897002 0.006646 0.017863
3 0.787965 0.546101 0.009580 0.024643
3 0.279455 0.514199 0.011902 0.017811
3 0.772931 0.460930 0.012015 0.013943
3 0.876541 0.439966 0.012343 0.021457
3 0.184911 0.579826 0.013741 0.021937
3 0.555179 0.612805 0.007600 0.028309
3 0.668899 0.567724 0.009829 0.022265
3 0.285450 0.178896 0.004868 0.011959
3 0.238170 0.495332 0.013748 0.019123
3 0.679129 0.547429 0.009535 0.031566
3 0.652397 0.561226 0.008396 0.030439
3 0.730684 0.546549 0.015552 0.022795
3 0.963569 0.448951 0.014107 0.018084
3 0.296674 0.541762 0.005189 0.017523
3 0.502360 0.695793 0.005803 0.028322
3 0.415908 0.412410 0.005146 0.021854
3 0.989594 0.484912 0.015002 0.021244
3 0.186282 0.615557 0.020818 0.022428
3 0.720801 0.467907 0.011753 0.013122
3 0.615678 0.594674 0.005876 0.020338
3 0.801300 0.542952 0.007270 0.025398
3 0.567318 0.712434 0.007108 0.026677
3 0.780108 0.424754 0.012313 0.013829
3 0.562626 0.624006 0.006688 0.022451
3 0.816301 0.542384 0.007696 0.025055
3 0.948877 0.541874 0.008832 0.020743
3 0.902268 0.545727 0.013258 0.029734
3 0.684254 0.564526 0.009622 0.014926
3 0.930976 0.539677 0.013111 0.022320
3 0.875803 0.501463 0.013644 0.021296
3 0.701999 0.417188 0.008717 0.017315
3 0.742237 0.533957 0.011622 0.023180
3 0.695800 0.543269 0.010610 0.024819
3 0.182360 0.615791 0.013056 0.022463
3 0.554844 0.617864 0.006914 0.018558
3 0.582331 0.545449 0.005749 0.014065
3 0.725341 0.412112 0.006585 0.022129
3 0.340716 0.299087 0.005893 0.017957
3 0.835338 0.761276 0.010956 0.024596
3 0.892015 0.534952 0.013602 0.023525
3 0.638318 0.592777 0.012849 0.022460
3 0.605902 0.720221 0.013061 0.027976
3 0.747284 0.463825 0.012125 0.013973
3 0.576460 0.435912 0.006132 0.019076
3 0.584605 0.888033 0.006344 0.013269
3 0.340864 0.407874 0.004083 0.017387
3 0.461886 0.747167 0.011423 0.013575
3 0.451919 0.630349 0.009952 0.023268
3 0.359616 0.355880 0.006168 0.029698
5 0.316854 0.264701 0.012469 0.059009
5 0.323554 0.309901 0.012504 0.061371
5 0.322655 0.809663 0.111976 0.064763
5 0.188322 0.515221 0.030868 0.033688
5 0.441517 0.529510 0.053217 0.093667
5 0.616848 0.554977 0.022801 0.036658
5 0.342220 0.666780 0.020121 0.046288
5 0.315506 0.410938 0.017849 0.057305
2 0.325201 0.354601 0.014548 0.059450
2 0.306607 0.487784 0.029654 0.044807
2 0.400362 0.632230 0.018373 0.032712
2 0.235140 0.510032 0.028978 0.044366
2 0.187859 0.514785 0.031793 0.034561
2 0.315572 0.410868 0.017980 0.057733
2 0.341856 0.666468 0.021039 0.046853
2 0.574923 0.479730 0.035150 0.041682
2 0.386473 0.530108 0.015670 0.028015
2 0.352302 0.583189 0.018049 0.033443
2 0.323274 0.309931 0.013066 0.061310
7 0.657470 0.930958 0.080128 0.137102
2 0.341884 0.200830 0.012499 0.051340
2 0.214856 0.765342 0.018401 0.055309
2 0.592026 0.659722 0.015853 0.053401
2 0.496536 0.435813 0.024137 0.049153
2 0.502103 0.524314 0.019725 0.051132
2 0.343589 0.353276 0.009618 0.047906
2 0.374118 0.228148 0.012950 0.052414
2 0.314761 0.189579 0.013567 0.036631
2 0.351541 0.700097 0.024987 0.055721
2 0.789204 0.451138 0.020476 0.030336
2 0.316854 0.264739 0.012469 0.058918
2 0.335600 0.593868 0.018392 0.025615
2 0.749505 0.454807 0.020632 0.032904
2 0.026721 0.490864 0.034958 0.026804
2 0.518517 0.449077 0.018203 0.032864
2 0.553028 0.578098 0.016638 0.044203
2 0.463461 0.764505 0.019109 0.037525
2 0.399404 0.742814 0.021116 0.028619
2 0.543472 0.485008 0.016899 0.034473
2 0.375266 0.693003 0.014632 0.026959
2 0.616761 0.554977 0.022975 0.036658
2 0.723224 0.456579 0.019593 0.035938
2 0.641538 0.470800 0.023555 0.031088
2 0.401981 0.248359 0.013192 0.039337
2 0.392371 0.278653 0.010138 0.031626
2 0.473373 0.520569 0.012064 0.043101
2 0.535136 0.613594 0.016992 0.041605
2 0.460305 0.265333 0.056953 0.107363
2 0.441169 0.456420 0.010532 0.024570
2 0.586158 0.607941 0.022323 0.059674
2 0.434397 0.898677 0.038218 0.057306
2 0.311898 0.564895 0.012453 0.022727
2 0.603727 0.601872 0.012393 0.041456
2 0.609091 0.907660 0.012102 0.018305
2 0.308167 0.139607 0.011001 0.020746
2 0.870006 0.948473 0.029007 0.030215
2 0.502156 0.917358 0.026848 0.034260
2 0.281564 0.201298 0.012169 0.020809
2 0.729963 0.576500 0.053859 0.031032
2 0.472424 0.450270 0.009445 0.022275
2 0.388031 0.695831 0.015914 0.038273
2 0.571601 0.624670 0.010032 0.033078
2 0.175159 0.482263 0.030108 0.034232
2 0.092345 0.523339 0.021473 0.015249
2 0.408369 0.353085 0.008837 0.024489
2 0.253971 0.487097 0.019386 0.029542
2 0.279334 0.514270 0.011940 0.018314
2 0.631285 0.276711 0.022997 0.040675
