0 0.466115 0.417215 0.004867 0.023568
0 0.376937 0.581212 0.007753 0.023679
0 0.459675 0.660086 0.006222 0.024359
0 0.549535 0.440029 0.005381 0.021838
0 0.538349 0.559377 0.006598 0.023731
0 0.467861 0.801669 0.004911 0.022733
0 0.473595 0.816042 0.005721 0.021041
0 0.725271 0.412146 0.006650 0.023399
0 0.461182 0.422724 0.004793 0.020094
0 0.616569 0.592752 0.007041 0.026559
0 0.489539 0.799842 0.004741 0.020075
0 0.341057 0.411072 0.007335 0.022408
0 0.660551 0.573116 0.006009 0.026780
0 0.563243 0.431696 0.007151 0.020680
0 0.436233 0.689634 0.005900 0.021448
0 0.530335 0.477336 0.006039 0.019265
0 0.417282 0.408496 0.008550 0.025160
0 0.502902 0.708402 0.007137 0.029690
0 0.293700 0.540055 0.004211 0.018446
0 0.414922 0.667499 0.004620 0.017702
0 0.655346 0.558489 0.009291 0.029782
0 0.371516 0.638309 0.007075 0.024818
0 0.556962 0.417482 0.004772 0.017991
0 0.415256 0.405730 0.004503 0.019391
0 0.565603 0.693592 0.007556 0.024865
0 0.510076 0.854159 0.005467 0.021856
0 0.408521 0.690333 0.007477 0.029595
0 0.592040 0.700016 0.005161 0.019474
0 0.418757 0.683529 0.005344 0.020435
0 0.711743 0.411730 0.006602 0.024558
0 0.572899 0.436773 0.005162 0.018688
0 0.709382 0.550550 0.005470 0.027573
0 0.553974 0.492650 0.008001 0.028092
0 0.361029 0.367621 0.005183 0.020109
0 0.496727 0.789095 0.006658 0.018989
0 0.696487 0.425817 0.005717 0.018281
0 0.436908 0.661355 0.007310 0.021811
0 0.188619 0.621776 0.003609 0.014980
0 0.557863 0.521589 0.005620 0.017580
0 0.449226 0.769137 0.004467 0.018926
0 0.703164 0.404566 0.006761 0.016290
0 0.705093 0.768816 0.006207 0.026276
0 0.455173 0.714886 0.010582 0.024254
0 0.589975 0.725465 0.005398 0.019154
0 0.387509 0.385408 0.006946 0.019482
0 0.397633 0.671356 0.006275 0.027257
0 0.588905 0.746087 0.006677 0.024600
0 0.546237 0.846527 0.005263 0.018430
0 0.465706 0.440830 0.009592 0.022453
0 0.618713 0.525001 0.002789 0.013252
0 0.484857 0.855378 0.008525 0.021762
0 0.339062 0.319691 0.005790 0.028992
0 0.697115 0.547754 0.011477 0.034574
0 0.592275 0.870357 0.006310 0.018394
0 0.594384 0.878837 0.005025 0.019653
0 0.710007 0.761967 0.008129 0.028693
0 0.756289 0.740072 0.005542 0.017507
0 0.346805 0.726643 0.003764 0.012706
2 0.501770 0.916938 0.026944 0.035240
3 0.276280 0.532062 0.019318 0.021263
2 0.300326 0.492766 0.029336 0.042587
3 0.308137 0.139126 0.010775 0.020628
3 0.768977 0.460604 0.011173 0.013526
3 0.281391 0.200900 0.012150 0.021438
3 0.119707 0.511217 0.014550 0.015362
3 0.710008 0.469538 0.011274 0.013562
3 0.268213 0.511621 0.012318 0.014894
3 0.603549 0.601427 0.012338 0.041039
3 0.557706 0.602765 0.007785 0.024137
3 0.781928 0.451647 0.020520 0.025352
2 0.341921 0.666207 0.020715 0.047051
3 0.254812 0.480320 0.021189 0.016578
2 0.591538 0.659006 0.015079 0.053451
3 0.518269 0.447183 0.018571 0.036559
3 0.495564 0.443916 0.018421 0.031413
3 0.775971 0.769638 0.013154 0.020633
3 0.743242 0.454618 0.020454 0.032800
2 0.569967 0.480512 0.035603 0.040663
3 0.803434 0.763576 0.017961 0.022151
2 0.870254 0.947635 0.029220 0.030085
3 0.616341 0.553073 0.022139 0.034101
2 0.214694 0.764783 0.017703 0.056744
3 0.551889 0.576397 0.015522 0.032370
3 0.326989 0.561865 0.012273 0.023361
3 0.459567 0.636562 0.009595 0.021074
3 0.668766 0.567062 0.009853 0.021646
3 0.601062 0.448486 0.018729 0.031063
2 0.495468 0.509678 0.019491 0.049866
3 0.433920 0.444196 0.009827 0.024525
3 0.375296 0.692835 0.015031 0.027292
3 0.311811 0.534863 0.011704 0.016978
3 0.342095 0.208832 0.011610 0.040614
3 0.692266 0.689146 0.012499 0.016874
3 0.207768 0.473355 0.012481 0.011183
3 0.505656 0.425450 0.010230 0.018573
3 0.391797 0.539246 0.014778 0.026539
3 0.228667 0.517541 0.027436 0.026361
3 0.471872 0.512113 0.013022 0.042687
3 0.329900 0.597347 0.007065 0.033217
3 0.854622 0.757856 0.013072 0.016256
3 0.725851 0.430290 0.012345 0.024347
3 0.311576 0.536476 0.012780 0.021883
3 0.339872 0.320322 0.005756 0.028802
3 0.746262 0.410969 0.011759 0.018229
3 0.768470 0.549286 0.011065 0.021896
3 0.565603 0.693592 0.007556 0.024865
3 0.465517 0.441139 0.010236 0.023626
3 0.340709 0.411034 0.005793 0.022331
3 0.198767 0.578954 0.014388 0.021333
3 0.681534 0.546512 0.010841 0.034472
3 0.326976 0.561865 0.012303 0.023361
3 0.372039 0.638467 0.005621 0.022607
3 0.710048 0.469438 0.011353 0.013898
3 0.696955 0.546075 0.011170 0.032746
3 0.788241 0.544581 0.010129 0.024216
3 0.503301 0.709155 0.006294 0.028602
3 0.751399 0.510506 0.014081 0.018047
3 0.186503 0.615164 0.021850 0.023974
3 0.338142 0.268567 0.006684 0.034238
3 0.779877 0.423895 0.011948 0.013601
3 0.548893 0.442845 0.003828 0.016161
3 0.538443 0.558741 0.006411 0.022459
3 0.668835 0.567615 0.009990 0.022751
3 0.593395 0.882795 0.004041 0.012556
3 0.338102 0.275491 0.006217 0.021954
3 0.285321 0.178559 0.004920 0.012081
3 0.638530 0.591416 0.013470 0.023460
3 0.582448 0.544694 0.006126 0.015406
3 0.417337 0.409011 0.008750 0.024132
3 0.616536 0.593178 0.007727 0.027330
3 0.702261 0.416405 0.009144 0.016713
3 0.722592 0.509779 0.014547 0.024759
3 0.867062 0.440730 0.011736 0.021316
3 0.730921 0.547043 0.016502 0.023657
3 0.455173 0.714938 0.010582 0.024150
3 0.683651 0.561670 0.012147 0.019410
3 0.433789 0.443840 0.010089 0.025237
3 0.744602 0.534448 0.011746 0.023684
3 0.585980 0.743003 0.011094 0.025182
3 0.582792 0.890192 0.006890 0.018586
3 0.510076 0.854159 0.005467 0.021856
3 0.567018 0.534962 0.009799 0.020664
3 0.711355 0.414929 0.005659 0.018692
3 0.234595 0.494673 0.013368 0.019337
3 0.438419 0.626519 0.009096 0.023068
3 0.556197 0.420001 0.003558 0.013072
3 0.725271 0.412146 0.006650 0.023399
3 0.740905 0.461904 0.016322 0.018507
3 0.461900 0.746579 0.011258 0.014155
3 0.763175 0.417399 0.010730 0.021002
3 0.530335 0.477336 0.006039 0.019265
3 0.339990 0.314008 0.005372 0.017326
3 0.816159 0.542114 0.007471 0.024627
3 0.768956 0.460569 0.011127 0.013477
3 0.484857 0.855378 0.008525 0.021762
3 0.801097 0.542714 0.007124 0.024745
3 0.126627 0.592647 0.010253 0.019469
3 0.119707 0.511217 0.014550 0.015362
3 0.563387 0.431696 0.006863 0.020680
3 0.696487 0.425817 0.005717 0.018281
3 0.655293 0.558510 0.008485 0.026327
3 0.608776 0.628853 0.009111 0.027065
5 0.316881 0.264636 0.012626 0.058923
5 0.323488 0.309275 0.012578 0.060569
5 0.441285 0.529521 0.053307 0.093385
5 0.321940 0.809476 0.110546 0.065575
5 0.372588 0.210673 0.014529 0.054090
5 0.228653 0.517727 0.027605 0.027025
5 0.300415 0.492227 0.026978 0.040779
5 0.184281 0.515331 0.030834 0.034236
5 0.314787 0.188578 0.013506 0.036249
5 0.315499 0.410417 0.018030 0.058219
5 0.657583 0.931107 0.079190 0.137307
5 0.342028 0.666249 0.020121 0.046966
5 0.616707 0.554714 0.022536 0.037204
5 0.214679 0.765007 0.017534 0.056295
2 0.300326 0.493116 0.029336 0.043286
2 0.325306 0.354429 0.014637 0.061506
2 0.229975 0.507504 0.031274 0.047773
2 0.341921 0.666183 0.020715 0.047004
2 0.184063 0.514558 0.031411 0.035782
7 0.657583 0.931008 0.079190 0.137109
2 0.569967 0.480512 0.035603 0.040663
2 0.495428 0.509621 0.019706 0.050034
2 0.519906 0.439576 0.023395 0.051773
2 0.323488 0.309275 0.012578 0.060569
2 0.214694 0.764601 0.017703 0.056379
2 0.400168 0.631967 0.018270 0.032371
2 0.538881 0.487613 0.017310 0.034331
2 0.591830 0.659006 0.015663 0.053451
2 0.343755 0.363004 0.009677 0.048073
2 0.316881 0.264523 0.012626 0.058698
2 0.335944 0.598771 0.019248 0.037625
2 0.315376 0.410417 0.018275 0.058219
2 0.391852 0.540777 0.015431 0.030617
2 0.463280 0.765225 0.018583 0.037244
2 0.314787 0.188578 0.013506 0.036249
2 0.495610 0.435410 0.023550 0.049126
2 0.351758 0.698950 0.024838 0.056058
2 0.402137 0.247280 0.013317 0.039329
2 0.375296 0.692835 0.015031 0.027292
2 0.372588 0.210673 0.014529 0.054090
2 0.551585 0.582898 0.016439 0.045617
2 0.360441 0.586321 0.018308 0.034425
2 0.095167 0.595803 0.029983 0.032575
2 0.715309 0.454842 0.020624 0.037880
2 0.398958 0.742819 0.020656 0.029281
2 0.025520 0.490623 0.032304 0.025004
2 0.471872 0.511968 0.013022 0.042977
2 0.342353 0.214837 0.012519 0.053039
2 0.532692 0.607179 0.016756 0.041490
2 0.742928 0.454633 0.021082 0.032831
2 0.210339 0.663641 0.047542 0.071779
2 0.616657 0.554669 0.022770 0.037294
2 0.603549 0.601501 0.012338 0.041386
2 0.387168 0.255130 0.015293 0.058778
2 0.139941 0.483283 0.022604 0.025173
2 0.870254 0.947635 0.029220 0.030085
2 0.781928 0.451647 0.020520 0.025352
2 0.803901 0.778409 0.017707 0.049955
2 0.730027 0.576038 0.053088 0.031559
2 0.433929 0.444273 0.009845 0.024678
2 0.501770 0.916938 0.026944 0.035240
2 0.277280 0.531960 0.016623 0.021021
2 0.586179 0.594390 0.016779 0.032852
2 0.281391 0.200900 0.012150 0.021438
2 0.568157 0.301059 0.055257 0.065867
2 0.571655 0.622704 0.009762 0.029474
2 0.400497 0.336871 0.007668 0.024164
2 0.591455 0.810033 0.015378 0.039330
2 0.381308 0.745222 0.019511 0.031411
2 0.326981 0.561729 0.012257 0.023089
2 0.282680 0.069754 0.008724 0.034783
2 0.178539 0.482137 0.023229 0.034006
2 0.510501 0.099087 0.042693 0.077258
2 0.311774 0.535034 0.011834 0.018431
2 0.854807 0.774653 0.014250 0.050036
