0 0.377922 0.581836 0.005857 0.021795
0 0.467100 0.419872 0.004855 0.022417
0 0.459047 0.659990 0.005356 0.025382
0 0.550821 0.440326 0.005697 0.022549
0 0.461755 0.424137 0.005128 0.020569
0 0.616315 0.592244 0.006802 0.026195
0 0.489913 0.800375 0.004822 0.021567
0 0.574546 0.436447 0.005324 0.020254
0 0.295077 0.541113 0.005014 0.018675
0 0.660469 0.573349 0.005981 0.026197
0 0.539186 0.561652 0.007410 0.023855
0 0.341363 0.410328 0.006044 0.021291
0 0.468176 0.802283 0.004491 0.022350
0 0.472881 0.815565 0.004637 0.019019
0 0.563190 0.431827 0.007065 0.020380
0 0.509610 0.850991 0.005478 0.021812
0 0.530551 0.478268 0.006230 0.020753
0 0.435482 0.689478 0.004330 0.018755
0 0.557180 0.417342 0.004944 0.018797
0 0.557552 0.518428 0.005885 0.024006
0 0.371681 0.638545 0.007354 0.024366
0 0.591803 0.699616 0.005019 0.019150
0 0.188761 0.622096 0.003831 0.014692
0 0.415256 0.666833 0.006434 0.022450
0 0.654113 0.560219 0.009297 0.031593
0 0.418731 0.683574 0.005308 0.020555
0 0.416314 0.407996 0.007238 0.027505
0 0.725414 0.411951 0.006446 0.022749
0 0.360406 0.364651 0.006109 0.028590
0 0.457743 0.715001 0.005182 0.024262
0 0.681125 0.542931 0.010046 0.037557
0 0.575938 0.802918 0.004057 0.017154
0 0.434992 0.659971 0.007999 0.023306
0 0.436344 0.445687 0.007877 0.018332
0 0.496763 0.789247 0.006752 0.019157
0 0.696545 0.425984 0.005734 0.018150
0 0.709509 0.550618 0.005565 0.027015
0 0.408736 0.690490 0.007541 0.028783
0 0.397963 0.670374 0.006033 0.024589
0 0.566363 0.700882 0.007796 0.024849
0 0.502656 0.702926 0.007618 0.028630
0 0.546342 0.847021 0.005072 0.018943
0 0.566402 0.431689 0.004487 0.020224
0 0.695878 0.547657 0.011758 0.034076
0 0.711362 0.757695 0.005699 0.025166
0 0.346745 0.727040 0.003884 0.012879
0 0.711616 0.411798 0.006777 0.024712
0 0.448873 0.768848 0.004648 0.019280
0 0.592595 0.870723 0.006183 0.018526
0 0.280393 0.765551 0.005399 0.019121
0 0.705201 0.768936 0.006413 0.026083
0 0.506894 0.985321 0.010263 0.029654
0 0.593664 0.882137 0.004133 0.016775
0 0.692958 0.540780 0.006154 0.019813
0 0.585451 0.882726 0.005111 0.014528
0 0.397515 0.693223 0.006199 0.028363
0 0.534853 0.749293 0.006705 0.027504
0 0.387451 0.385859 0.006382 0.020014
2 0.501896 0.917316 0.026742 0.034976
3 0.518336 0.449200 0.018315 0.031899
2 0.303441 0.491957 0.028047 0.045541
3 0.277540 0.532208 0.017122 0.020575
3 0.308225 0.139112 0.010526 0.020168
3 0.320541 0.563219 0.012515 0.022925
3 0.086934 0.523954 0.020640 0.015564
3 0.122452 0.512686 0.013143 0.018196
3 0.281441 0.200764 0.012182 0.020671
3 0.495524 0.444058 0.018326 0.031569
2 0.342113 0.666493 0.020191 0.046405
3 0.262417 0.534815 0.011205 0.018126
3 0.499166 0.507492 0.017214 0.034310
2 0.591631 0.659473 0.015065 0.053802
3 0.770514 0.460941 0.011456 0.013702
3 0.389509 0.535624 0.015702 0.028091
3 0.329804 0.597350 0.007266 0.032370
3 0.472628 0.515463 0.012148 0.042173
3 0.511086 0.422794 0.011378 0.024659
3 0.115583 0.531848 0.013197 0.015103
3 0.375207 0.693061 0.014809 0.027542
3 0.745873 0.454463 0.020879 0.033820
3 0.245908 0.561464 0.016880 0.023324
3 0.775907 0.769680 0.013214 0.020534
3 0.436931 0.449806 0.010194 0.023861
3 0.021963 0.492079 0.024933 0.022179
3 0.603665 0.601586 0.012449 0.041191
3 0.787117 0.450133 0.014977 0.022951
3 0.802659 0.763965 0.017357 0.021718
3 0.207389 0.474599 0.011460 0.012692
3 0.616364 0.553200 0.022058 0.033495
3 0.595928 0.448986 0.008346 0.030343
2 0.214702 0.765303 0.017900 0.055798
3 0.254707 0.481336 0.020731 0.018906
2 0.870008 0.947927 0.029392 0.029769
3 0.608985 0.907449 0.012122 0.018242
3 0.468650 0.443881 0.009750 0.022887
3 0.568061 0.483225 0.023760 0.029457
3 0.552174 0.574739 0.015166 0.035476
2 0.315521 0.410792 0.017544 0.057592
3 0.541035 0.486700 0.016681 0.034334
3 0.571660 0.622927 0.009724 0.030036
3 0.139684 0.484624 0.022046 0.027801
3 0.854669 0.758050 0.013157 0.016158
3 0.556702 0.606403 0.007396 0.025861
3 0.357051 0.579537 0.018073 0.024320
3 0.436958 0.450329 0.010170 0.023941
3 0.725113 0.428660 0.012557 0.020907
3 0.743526 0.462164 0.014840 0.018294
3 0.717882 0.510841 0.012900 0.023358
3 0.315019 0.536417 0.012605 0.021625
3 0.745451 0.511492 0.013802 0.018837
3 0.746256 0.411800 0.011483 0.017704
3 0.468650 0.444571 0.009750 0.024268
3 0.566363 0.701876 0.007796 0.026836
3 0.193237 0.579429 0.014629 0.022423
3 0.681144 0.546223 0.010218 0.032891
3 0.340376 0.313561 0.006066 0.029032
3 0.768398 0.549427 0.010763 0.021660
3 0.338153 0.253364 0.005895 0.017603
3 0.371681 0.638545 0.007354 0.024366
3 0.320541 0.563224 0.012515 0.022914
3 0.235958 0.494959 0.013206 0.019024
3 0.509492 0.854417 0.005210 0.015128
3 0.340889 0.409774 0.005061 0.020182
3 0.695846 0.545092 0.012112 0.028983
3 0.788248 0.544889 0.010090 0.024766
3 0.668990 0.568387 0.009831 0.023971
3 0.770544 0.460922 0.011525 0.013663
3 0.731401 0.546764 0.017091 0.022944
3 0.594558 0.908597 0.009753 0.023132
3 0.186134 0.614855 0.020811 0.023392
3 0.556702 0.606403 0.007396 0.025861
3 0.714155 0.468452 0.010558 0.013462
3 0.285281 0.178831 0.005135 0.012429
3 0.416318 0.408875 0.006828 0.025747
3 0.456343 0.634195 0.010075 0.022448
3 0.582791 0.892946 0.006975 0.018104
3 0.702416 0.416488 0.008929 0.016798
3 0.125443 0.592615 0.013596 0.024309
3 0.858814 0.530444 0.009673 0.022232
3 0.562214 0.620931 0.006841 0.023214
3 0.125311 0.596894 0.009145 0.015854
3 0.883443 0.500964 0.013269 0.020152
3 0.455284 0.715089 0.010321 0.024444
3 0.684478 0.564297 0.009876 0.014668
3 0.779696 0.424213 0.011617 0.013643
3 0.893288 0.535792 0.012887 0.024151
3 0.582367 0.544767 0.005818 0.015294
3 0.952897 0.449009 0.014236 0.018039
3 0.502656 0.702926 0.007618 0.028630
3 0.638407 0.591959 0.013190 0.022677
3 0.801205 0.542704 0.007247 0.025206
3 0.530551 0.478268 0.006230 0.020753
3 0.308225 0.139112 0.010526 0.020168
3 0.948793 0.541628 0.008898 0.020113
3 0.586361 0.741091 0.010087 0.028267
3 0.725414 0.411951 0.006446 0.022749
3 0.615882 0.594269 0.006203 0.022099
3 0.461888 0.746572 0.011285 0.014262
3 0.816172 0.542209 0.007367 0.024561
3 0.295077 0.541107 0.005014 0.018348
3 0.567143 0.535152 0.009942 0.021544
3 0.182198 0.616191 0.012633 0.021104
3 0.696545 0.425984 0.005734 0.018150
3 0.743908 0.534011 0.011263 0.023250
3 0.556353 0.419916 0.003601 0.013452
3 0.931056 0.539819 0.013383 0.021923
3 0.654133 0.560513 0.008976 0.029949
3 0.491615 0.984137 0.009600 0.019446
3 0.608766 0.629205 0.009070 0.027765
3 0.788649 0.436505 0.011534 0.012296
3 0.538924 0.560575 0.005786 0.021492
5 0.323469 0.309553 0.012310 0.061414
5 0.322405 0.809879 0.111476 0.065528
5 0.441425 0.529865 0.053169 0.094671
5 0.185795 0.515064 0.031155 0.034564
5 0.315431 0.410731 0.018069 0.057929
5 0.342113 0.666493 0.020191 0.046405
5 0.616785 0.554791 0.022660 0.036841
5 0.214665 0.765455 0.017757 0.055494
5 0.657317 0.930899 0.079764 0.137156
5 0.139684 0.484624 0.022046 0.027801
5 0.314698 0.189057 0.013528 0.036277
5 0.231164 0.517510 0.027637 0.027141
5 0.316912 0.253680 0.012319 0.036985
2 0.325231 0.353650 0.014763 0.059456
2 0.303441 0.491800 0.028047 0.045741
2 0.231650 0.508595 0.031072 0.046566
2 0.185059 0.514710 0.032684 0.035170
7 0.657317 0.930896 0.079764 0.137148
2 0.315431 0.410731 0.018069 0.057929
2 0.400221 0.631658 0.018937 0.033479
2 0.341941 0.666271 0.020675 0.046869
2 0.357051 0.584895 0.018073 0.035036
2 0.323116 0.309382 0.013015 0.060954
2 0.214702 0.765183 0.017900 0.055557
2 0.335845 0.599169 0.019056 0.037406
2 0.389375 0.542447 0.016171 0.042517
2 0.343849 0.358957 0.009626 0.047539
2 0.570595 0.484053 0.036559 0.048301
2 0.351611 0.699435 0.025179 0.056480
2 0.498133 0.515610 0.020122 0.051629
2 0.389239 0.268758 0.013426 0.039281
2 0.342355 0.208200 0.013015 0.052550
2 0.314680 0.189057 0.013562 0.036277
2 0.533623 0.609327 0.016857 0.041986
2 0.316893 0.253680 0.012357 0.036985
2 0.551765 0.580094 0.016061 0.046187
2 0.373389 0.217352 0.014328 0.053757
2 0.496594 0.435127 0.023877 0.048238
2 0.718363 0.456888 0.019906 0.036364
2 0.026079 0.490638 0.034126 0.026277
2 0.375207 0.693061 0.014809 0.027542
2 0.460013 0.264620 0.056933 0.107821
2 0.745840 0.454463 0.020812 0.033820
2 0.541025 0.486779 0.016787 0.034491
2 0.463412 0.764797 0.019095 0.037083
2 0.402351 0.247816 0.014114 0.039257
2 0.519677 0.440330 0.021009 0.050154
2 0.399380 0.743298 0.021540 0.030010
2 0.139684 0.484624 0.022046 0.027801
2 0.616727 0.554791 0.022785 0.036841
2 0.591902 0.659710 0.015606 0.054276
2 0.586119 0.594611 0.016993 0.033618
2 0.603665 0.601719 0.012449 0.041525
2 0.803973 0.778452 0.017799 0.049324
2 0.501896 0.917316 0.026742 0.034976
2 0.269505 0.557129 0.020664 0.035244
2 0.177050 0.485181 0.026114 0.040509
2 0.472628 0.515350 0.012148 0.042400
2 0.608985 0.907449 0.012122 0.018242
2 0.255847 0.487214 0.021766 0.031135
2 0.436931 0.449806 0.010194 0.023861
2 0.780767 0.452437 0.027924 0.032699
2 0.091839 0.596612 0.032282 0.032706
2 0.854743 0.775189 0.014524 0.050718
2 0.870008 0.947927 0.029392 0.029769
2 0.636127 0.471014 0.022550 0.031641
2 0.315335 0.535928 0.011688 0.020220
2 0.387876 0.695879 0.015890 0.039272
2 0.567847 0.300698 0.054385 0.066847
2 0.510411 0.098561 0.042672 0.077368
2 0.381281 0.745240 0.019473 0.031245
2 0.281441 0.200737 0.012182 0.020616
2 0.918607 0.321257 0.087987 0.062828
2 0.591578 0.810213 0.015316 0.039648
2 0.456350 0.198479 0.020488 0.044994
2 0.320548 0.561985 0.012482 0.020456
2 0.434363 0.899679 0.038935 0.055615
