0 0.466910 0.419422 0.004894 0.023094
0 0.458997 0.660532 0.005507 0.023874
0 0.294706 0.540959 0.004562 0.019187
0 0.377659 0.581795 0.006322 0.021698
0 0.574367 0.436608 0.005095 0.019559
0 0.341435 0.410727 0.006594 0.021258
0 0.550563 0.440193 0.005652 0.022650
0 0.538994 0.561289 0.007027 0.024161
0 0.616317 0.592316 0.006863 0.026421
0 0.660475 0.573264 0.005960 0.026333
0 0.461597 0.424253 0.005177 0.020617
0 0.563314 0.431745 0.007166 0.020416
0 0.725393 0.412330 0.006506 0.023703
0 0.489806 0.800482 0.004866 0.021075
0 0.468092 0.802058 0.004799 0.022612
0 0.472967 0.815732 0.004807 0.019275
0 0.530460 0.478140 0.006008 0.020634
0 0.435187 0.689995 0.005208 0.019188
0 0.188739 0.621959 0.003687 0.014865
0 0.371616 0.638452 0.007417 0.024460
0 0.557084 0.417618 0.004880 0.018550
0 0.360573 0.364312 0.005449 0.022060
0 0.416396 0.408306 0.007765 0.027365
0 0.654406 0.559947 0.009344 0.031254
0 0.509626 0.851860 0.005360 0.022088
0 0.591884 0.699908 0.005005 0.018874
0 0.415145 0.666428 0.006026 0.022109
0 0.496795 0.789255 0.006693 0.019232
0 0.709453 0.550844 0.005453 0.027525
0 0.457728 0.714992 0.005169 0.024416
0 0.575889 0.802377 0.004083 0.017112
0 0.557568 0.519637 0.005870 0.021715
0 0.418693 0.683581 0.005347 0.020510
0 0.711588 0.412061 0.006551 0.024349
0 0.696495 0.425769 0.005650 0.018271
0 0.681285 0.545760 0.010055 0.032120
0 0.555315 0.491453 0.008420 0.027720
0 0.408722 0.690396 0.007495 0.029127
0 0.502739 0.703859 0.007677 0.028248
0 0.705102 0.768987 0.006253 0.026308
0 0.566430 0.431707 0.004525 0.020406
0 0.398060 0.670719 0.006122 0.025701
0 0.338074 0.253377 0.005827 0.017094
0 0.448953 0.768976 0.004763 0.019390
0 0.710085 0.761090 0.008079 0.031660
0 0.566284 0.699193 0.008061 0.023012
0 0.703384 0.410160 0.009330 0.026952
0 0.435164 0.659633 0.008920 0.023238
0 0.546269 0.846932 0.005100 0.018644
0 0.592648 0.870754 0.006208 0.018687
0 0.434186 0.442817 0.004327 0.014642
0 0.387612 0.385626 0.006422 0.020355
0 0.534785 0.749643 0.006568 0.026870
0 0.346716 0.727028 0.003853 0.012859
0 0.561348 0.410952 0.004452 0.013620
0 0.696145 0.547739 0.011341 0.034459
0 0.593755 0.881693 0.004377 0.017205
2 0.501801 0.917253 0.026925 0.034969
3 0.518519 0.445834 0.018741 0.039147
2 0.303075 0.492354 0.028448 0.045638
2 0.497600 0.514405 0.019998 0.050129
3 0.308189 0.139070 0.010540 0.020175
3 0.321872 0.563116 0.012448 0.022846
3 0.277071 0.532557 0.016134 0.020073
3 0.281412 0.201171 0.012168 0.022116
3 0.510219 0.421340 0.011952 0.021038
3 0.745172 0.454525 0.021135 0.033551
2 0.341900 0.666209 0.020561 0.046810
2 0.591625 0.659498 0.015086 0.053782
2 0.496229 0.436012 0.020092 0.048610
3 0.603651 0.601511 0.012424 0.040999
3 0.770092 0.460883 0.011198 0.013811
3 0.403001 0.341658 0.008040 0.024313
3 0.595924 0.448913 0.008297 0.030321
2 0.571377 0.479146 0.034282 0.039132
3 0.775887 0.769626 0.013235 0.020393
3 0.262379 0.534714 0.011224 0.018214
2 0.214763 0.765189 0.018075 0.056047
3 0.375238 0.693057 0.014962 0.027383
3 0.787153 0.450525 0.014811 0.024544
3 0.803251 0.763867 0.017942 0.022220
3 0.254537 0.483184 0.020395 0.022044
3 0.552179 0.574924 0.015378 0.035240
3 0.436353 0.448929 0.010195 0.023576
3 0.389946 0.536965 0.015958 0.029128
3 0.472509 0.514917 0.012221 0.042587
3 0.329871 0.597018 0.007040 0.032285
3 0.457036 0.634913 0.009811 0.022517
3 0.616334 0.553224 0.022167 0.033822
2 0.026187 0.491309 0.034661 0.024566
3 0.717653 0.456333 0.019201 0.035749
3 0.314696 0.535737 0.011684 0.020443
2 0.185538 0.515407 0.031040 0.034599
3 0.468201 0.443484 0.009744 0.022871
3 0.248567 0.561189 0.012248 0.021664
3 0.521078 0.432853 0.020628 0.035534
3 0.085225 0.523503 0.018174 0.014040
2 0.870158 0.947882 0.029386 0.029745
3 0.609023 0.907339 0.012213 0.018121
3 0.120487 0.509740 0.010071 0.012225
3 0.451455 0.555315 0.015023 0.026094
3 0.114693 0.531996 0.013059 0.014980
3 0.556949 0.605555 0.007364 0.025262
3 0.463201 0.765965 0.018878 0.035387
3 0.725258 0.428904 0.012400 0.021636
3 0.314696 0.536390 0.011684 0.021748
3 0.468205 0.443685 0.009769 0.023273
3 0.435602 0.448971 0.011719 0.024427
3 0.566284 0.699892 0.008061 0.024584
3 0.681404 0.546228 0.010294 0.033231
3 0.746268 0.411838 0.011447 0.017894
3 0.768435 0.549445 0.010898 0.021665
3 0.715805 0.510239 0.019293 0.025675
3 0.340233 0.315500 0.006091 0.028542
3 0.322416 0.562688 0.013536 0.023703
3 0.746668 0.511493 0.014042 0.018811
3 0.193776 0.579174 0.015289 0.023380
3 0.668861 0.568281 0.010066 0.023963
3 0.186090 0.614486 0.020836 0.023970
3 0.788158 0.545121 0.009956 0.025083
3 0.338093 0.256151 0.006359 0.022177
3 0.235876 0.494955 0.013156 0.019016
3 0.696000 0.545234 0.011815 0.029785
3 0.702368 0.416331 0.008960 0.016915
3 0.125327 0.593318 0.012331 0.024879
3 0.884708 0.501225 0.013464 0.020477
3 0.743067 0.461934 0.015247 0.018325
3 0.731111 0.546809 0.016488 0.022894
3 0.713577 0.468594 0.011266 0.014057
3 0.770092 0.460881 0.011198 0.013814
3 0.371616 0.638452 0.007417 0.024460
3 0.125748 0.596881 0.009625 0.017777
3 0.502739 0.704303 0.007677 0.029134
3 0.586359 0.742223 0.010555 0.029323
3 0.416637 0.408404 0.007156 0.026249
3 0.582384 0.544833 0.005743 0.015195
3 0.638404 0.592020 0.013185 0.022278
3 0.457036 0.634913 0.009811 0.022517
3 0.285268 0.178890 0.005136 0.012284
3 0.816164 0.542012 0.007421 0.024728
3 0.594577 0.908289 0.009900 0.023299
3 0.893329 0.535228 0.012871 0.025528
3 0.684627 0.564171 0.010733 0.015254
3 0.562202 0.620376 0.006765 0.023471
3 0.454603 0.714944 0.011664 0.024793
3 0.779884 0.424042 0.011939 0.014137
3 0.556867 0.605761 0.007528 0.025674
3 0.801150 0.542699 0.007227 0.025261
3 0.530463 0.478156 0.006003 0.020602
3 0.567120 0.535182 0.009998 0.021612
3 0.744192 0.533831 0.010862 0.022874
3 0.582786 0.892454 0.006881 0.018016
3 0.696474 0.425652 0.006040 0.018658
3 0.948773 0.541681 0.008990 0.020084
3 0.308202 0.139070 0.010514 0.020175
3 0.461852 0.746566 0.011431 0.014228
3 0.616257 0.592426 0.006871 0.026224
3 0.951357 0.448952 0.013935 0.017826
3 0.340902 0.410406 0.004974 0.020616
3 0.182104 0.614214 0.012668 0.025226
3 0.318908 0.068147 0.005433 0.014881
3 0.760462 0.448131 0.005517 0.019186
3 0.538983 0.559966 0.005924 0.021515
3 0.763267 0.417413 0.010617 0.020892
3 0.114625 0.531339 0.012800 0.013645
3 0.858972 0.530461 0.009936 0.022455
3 0.682541 0.535299 0.007421 0.014005
3 0.711664 0.416011 0.006973 0.017047
3 0.725393 0.412330 0.006506 0.023703
3 0.509626 0.851860 0.005360 0.022088
5 0.323505 0.309375 0.012443 0.060528
5 0.322316 0.809809 0.111298 0.065373
5 0.325266 0.353433 0.014482 0.058971
5 0.185452 0.515210 0.031212 0.034992
5 0.657229 0.930803 0.079876 0.137280
5 0.230457 0.517844 0.027687 0.027577
5 0.315279 0.410821 0.017965 0.057408
5 0.616756 0.554694 0.022620 0.037095
5 0.316943 0.254018 0.012358 0.037255
5 0.314738 0.188802 0.013563 0.036687
5 0.441433 0.530264 0.053382 0.095206
5 0.342119 0.666466 0.020122 0.046298
5 0.342229 0.210151 0.012723 0.052837
2 0.325252 0.353452 0.014776 0.059509
2 0.231076 0.507906 0.030665 0.046920
2 0.303075 0.492334 0.028448 0.045700
2 0.185140 0.515050 0.031877 0.035385
2 0.315507 0.410452 0.017907 0.057527
7 0.657229 0.930788 0.079876 0.137249
2 0.357690 0.584987 0.018130 0.034271
2 0.341930 0.666191 0.020622 0.046774
2 0.400186 0.631724 0.018966 0.033382
2 0.323184 0.309403 0.013084 0.060615
2 0.571377 0.479778 0.034282 0.040395
2 0.214763 0.765089 0.018075 0.055848
2 0.389892 0.543440 0.016066 0.042726
2 0.342229 0.209923 0.012723 0.052381
2 0.389600 0.268112 0.012674 0.038937
2 0.496366 0.435385 0.023460 0.048971
2 0.372984 0.216220 0.014632 0.054157
2 0.343835 0.359799 0.009534 0.048038
2 0.335866 0.598744 0.019132 0.036859
2 0.351564 0.699413 0.025227 0.056113
2 0.314738 0.188802 0.013563 0.036687
2 0.026187 0.490558 0.034661 0.026211
2 0.316939 0.254018 0.012366 0.037255
2 0.533384 0.608926 0.016943 0.041703
2 0.402422 0.247926 0.014232 0.039330
2 0.497570 0.514194 0.020218 0.049968
2 0.518529 0.449716 0.018720 0.031826
2 0.717684 0.456215 0.019330 0.037249
2 0.745172 0.454525 0.021135 0.033551
2 0.551764 0.580547 0.016404 0.046486
2 0.591941 0.659774 0.015718 0.054334
2 0.463092 0.761959 0.021015 0.044553
2 0.375238 0.693057 0.014962 0.027383
2 0.399203 0.743121 0.021208 0.029822
2 0.521078 0.432853 0.020628 0.035534
2 0.540605 0.486919 0.016992 0.034317
2 0.139647 0.484769 0.022060 0.028678
2 0.616671 0.554694 0.022842 0.037095
2 0.092755 0.596828 0.031549 0.033692
2 0.603651 0.601642 0.012424 0.041312
2 0.586188 0.594492 0.016800 0.033337
2 0.314696 0.536158 0.011684 0.021285
2 0.436358 0.448864 0.010206 0.024213
2 0.269564 0.556653 0.020632 0.034799
2 0.321865 0.563116 0.012434 0.022846
2 0.635316 0.471024 0.022582 0.031580
2 0.609023 0.907339 0.012213 0.018121
2 0.472509 0.514712 0.012222 0.042997
2 0.501801 0.917253 0.026925 0.034969
2 0.403001 0.341658 0.008040 0.024313
2 0.804138 0.778533 0.017709 0.049412
2 0.281412 0.201171 0.012168 0.022116
2 0.282807 0.069858 0.008510 0.034824
2 0.210014 0.664220 0.046927 0.072455
2 0.780222 0.451889 0.028838 0.033602
2 0.568095 0.300612 0.054994 0.066161
2 0.458890 0.249589 0.061039 0.140532
2 0.256005 0.487563 0.022705 0.031969
2 0.177458 0.486005 0.025431 0.041415
2 0.870158 0.947882 0.029386 0.029745
2 0.434400 0.897333 0.039258 0.059628
2 0.918798 0.321176 0.088293 0.062961
2 0.510630 0.098450 0.042613 0.077013
2 0.591575 0.810185 0.015366 0.039438
2 0.387817 0.695934 0.015698 0.039202
2 0.173677 0.660690 0.033562 0.054988
