0 0.378417 0.582365 0.005265 0.021406
0 0.340783 0.408397 0.004638 0.020862
0 0.551704 0.440322 0.005946 0.021436
0 0.660371 0.573120 0.005809 0.026725
0 0.458537 0.659990 0.005325 0.021915
0 0.539469 0.561736 0.007640 0.021989
0 0.360026 0.363303 0.006234 0.033128
0 0.467472 0.420447 0.005113 0.021381
0 0.468378 0.802662 0.004371 0.022096
0 0.416059 0.407751 0.006753 0.030503
0 0.490136 0.801182 0.004728 0.021647
0 0.616174 0.592002 0.006676 0.026077
0 0.576134 0.435501 0.005952 0.020282
0 0.472548 0.814700 0.004300 0.018898
0 0.725291 0.414584 0.006726 0.027666
0 0.530594 0.478961 0.005802 0.020836
0 0.434319 0.660844 0.005150 0.020979
0 0.509269 0.850375 0.005615 0.021594
0 0.457635 0.715171 0.005353 0.024663
0 0.462090 0.425082 0.004988 0.019843
0 0.188753 0.622226 0.003906 0.014471
0 0.556908 0.417382 0.004367 0.017669
0 0.435230 0.688226 0.004989 0.019679
0 0.592602 0.697842 0.007300 0.022956
0 0.562229 0.432490 0.005261 0.020068
0 0.295901 0.541752 0.005703 0.018132
0 0.557651 0.517134 0.005899 0.026464
0 0.567057 0.706723 0.007870 0.024924
0 0.371701 0.638295 0.007204 0.024258
0 0.502572 0.700629 0.007239 0.026033
0 0.653376 0.560840 0.009309 0.030897
0 0.696661 0.426384 0.005312 0.017562
0 0.418721 0.683633 0.004944 0.020612
0 0.496752 0.788919 0.006728 0.018410
0 0.711695 0.411600 0.007008 0.025235
0 0.703438 0.410187 0.009346 0.027315
0 0.680427 0.546444 0.009449 0.031143
0 0.709591 0.550580 0.005522 0.026241
0 0.408953 0.690099 0.007459 0.029649
0 0.448792 0.768861 0.004560 0.018730
0 0.412995 0.666852 0.005167 0.019890
0 0.470286 0.446471 0.009299 0.022739
0 0.340511 0.302687 0.005316 0.013610
0 0.398301 0.669843 0.004569 0.021972
0 0.178659 0.617702 0.005311 0.017619
0 0.594101 0.883302 0.004752 0.016443
0 0.698138 0.548679 0.007497 0.027788
0 0.787463 0.546443 0.009270 0.024283
0 0.693016 0.541344 0.005787 0.020696
0 0.870233 0.537655 0.007215 0.026254
0 0.586054 0.737481 0.008439 0.032435
0 0.546302 0.846927 0.004994 0.018292
0 0.387561 0.386642 0.005810 0.020348
2 0.501979 0.917219 0.026859 0.034866
2 0.304767 0.490905 0.028726 0.045973
3 0.277175 0.532965 0.016004 0.018976
3 0.771577 0.460870 0.011830 0.013905
3 0.281588 0.200709 0.012078 0.020643
3 0.308245 0.139211 0.010569 0.020127
3 0.746924 0.454674 0.020044 0.033980
3 0.518333 0.449022 0.018487 0.032430
2 0.342183 0.666642 0.020105 0.046421
3 0.787998 0.449085 0.016381 0.025074
3 0.600952 0.448779 0.018658 0.032007
3 0.438748 0.452624 0.010523 0.024703
3 0.603707 0.601696 0.012529 0.041340
3 0.375254 0.693050 0.014786 0.026938
3 0.616429 0.553288 0.021992 0.033148
3 0.511485 0.422122 0.012391 0.021212
3 0.124320 0.513127 0.012529 0.019561
3 0.262718 0.534865 0.011724 0.018905
3 0.496001 0.444255 0.019147 0.031407
3 0.275293 0.514081 0.012585 0.017220
2 0.214825 0.765488 0.017836 0.055033
3 0.552835 0.573965 0.016289 0.036666
3 0.957366 0.449090 0.013959 0.017678
3 0.568301 0.483508 0.024200 0.031238
2 0.870079 0.948062 0.029603 0.030077
3 0.388182 0.533138 0.015168 0.027423
3 0.405800 0.347207 0.008600 0.022936
3 0.775912 0.769686 0.013252 0.020303
3 0.253783 0.480225 0.018577 0.015518
2 0.315497 0.410836 0.017681 0.056838
3 0.609023 0.907762 0.012103 0.018700
3 0.802395 0.763888 0.016507 0.020907
2 0.026730 0.491636 0.034647 0.024242
3 0.556107 0.609212 0.007458 0.025174
3 0.724233 0.429049 0.012401 0.018849
3 0.741864 0.511339 0.013911 0.016820
3 0.880215 0.501277 0.013692 0.021323
3 0.340657 0.310072 0.006269 0.027685
3 0.713608 0.510774 0.015233 0.022965
3 0.746289 0.411771 0.011506 0.017917
3 0.768401 0.549400 0.010853 0.021704
3 0.337745 0.257401 0.006886 0.034462
3 0.567057 0.706723 0.007870 0.024924
3 0.680746 0.546626 0.010086 0.031966
3 0.593946 0.910986 0.007935 0.018261
3 0.771577 0.460870 0.011830 0.013905
3 0.337885 0.249322 0.006055 0.018791
3 0.438772 0.452585 0.010398 0.024625
3 0.837731 0.499043 0.008077 0.019745
3 0.788049 0.545721 0.009763 0.024934
3 0.317665 0.534886 0.011960 0.022938
3 0.371701 0.638295 0.007204 0.024258
3 0.780151 0.424312 0.012243 0.013891
3 0.695890 0.545293 0.011736 0.028798
3 0.666910 0.568826 0.014801 0.024841
3 0.892985 0.535624 0.012825 0.024451
3 0.285301 0.179094 0.005026 0.012205
3 0.122796 0.590551 0.011309 0.022718
3 0.731333 0.546710 0.017187 0.023123
3 0.702262 0.416564 0.008793 0.017066
3 0.556107 0.609212 0.007458 0.025174
3 0.594101 0.883302 0.004752 0.016443
3 0.583084 0.893831 0.007000 0.019120
3 0.582420 0.545071 0.006125 0.014726
3 0.316755 0.564171 0.012659 0.022863
3 0.948824 0.541692 0.008995 0.020349
3 0.957366 0.449090 0.013959 0.017678
3 0.711695 0.411671 0.007008 0.025377
3 0.562555 0.622306 0.006712 0.022811
3 0.931023 0.537333 0.013377 0.026647
3 0.308245 0.139211 0.010569 0.020127
3 0.684639 0.564409 0.010602 0.014932
3 0.816153 0.542347 0.007539 0.024659
3 0.993510 0.484584 0.013058 0.020540
3 0.763295 0.418203 0.009972 0.020239
3 0.696519 0.426246 0.005681 0.017823
3 0.454631 0.633006 0.009779 0.023380
3 0.801201 0.542752 0.007158 0.025554
3 0.236735 0.495186 0.012689 0.018865
3 0.559333 0.484661 0.006031 0.017569
3 0.746793 0.455541 0.019749 0.031589
3 0.415953 0.412146 0.005320 0.021065
3 0.405800 0.347207 0.008600 0.022936
3 0.901113 0.548275 0.012790 0.029071
3 0.725290 0.412287 0.006381 0.023073
3 0.653327 0.561031 0.008628 0.029663
3 0.969900 0.531718 0.013598 0.023674
3 0.295901 0.541697 0.005703 0.017867
3 0.872719 0.440813 0.011001 0.020328
3 0.743353 0.533731 0.011640 0.023430
3 0.470286 0.446471 0.009299 0.022739
3 0.326203 0.207469 0.011258 0.022023
3 0.189524 0.579880 0.013851 0.021941
3 0.502506 0.700330 0.005819 0.028826
3 0.789813 0.436793 0.011697 0.011763
3 0.760415 0.447771 0.005326 0.020077
3 0.567131 0.535072 0.009747 0.020805
3 0.858003 0.530345 0.010043 0.021488
3 0.191735 0.615578 0.009872 0.015621
3 0.933365 0.524628 0.012170 0.011161
3 0.716784 0.468153 0.009553 0.011858
5 0.322695 0.809356 0.112053 0.064818
5 0.323463 0.309608 0.012353 0.061218
5 0.315480 0.410900 0.017742 0.056966
5 0.441496 0.529900 0.053132 0.094264
5 0.616731 0.554907 0.022537 0.036201
5 0.342183 0.666642 0.020105 0.046421
5 0.341852 0.204559 0.012263 0.052444
5 0.657658 0.931687 0.077465 0.135502
5 0.316953 0.253545 0.012196 0.036802
5 0.186971 0.515533 0.031097 0.034134
5 0.232427 0.517636 0.027217 0.025917
5 0.304921 0.490760 0.026799 0.045410
2 0.304767 0.490795 0.028726 0.045925
2 0.325328 0.354064 0.014473 0.059238
2 0.232433 0.516289 0.029921 0.031134
7 0.657631 0.930925 0.079549 0.137031
2 0.186817 0.515069 0.031490 0.034656
2 0.400233 0.631812 0.018924 0.033456
2 0.341938 0.666579 0.020732 0.046537
2 0.323153 0.309576 0.012974 0.061031
2 0.214854 0.765178 0.018028 0.055180
2 0.388117 0.533771 0.015623 0.028961
2 0.354994 0.584323 0.018272 0.034953
2 0.390088 0.271747 0.013646 0.039953
2 0.496386 0.435569 0.023407 0.048780
2 0.591969 0.659335 0.015578 0.053866
2 0.375254 0.693050 0.014786 0.026938
2 0.343701 0.356513 0.009558 0.048190
2 0.518333 0.449022 0.018487 0.032430
2 0.316865 0.264663 0.012538 0.059038
2 0.542155 0.486110 0.017013 0.034681
2 0.351632 0.699340 0.025317 0.056981
2 0.314725 0.188529 0.013542 0.035577
2 0.573032 0.480850 0.034541 0.043371
2 0.341852 0.204559 0.012263 0.052444
2 0.373838 0.223085 0.014052 0.052693
2 0.638673 0.470824 0.022805 0.031446
2 0.403126 0.247840 0.015227 0.039474
2 0.335788 0.593035 0.018440 0.024725
2 0.720853 0.456666 0.019737 0.035750
2 0.534723 0.605603 0.015668 0.029676
2 0.746903 0.454780 0.020086 0.034192
2 0.026730 0.490796 0.034647 0.026085
2 0.460187 0.264625 0.056846 0.108229
2 0.552468 0.578436 0.016736 0.046180
2 0.399550 0.742737 0.021445 0.028544
2 0.463378 0.762239 0.019134 0.041582
2 0.616738 0.554861 0.022736 0.036293
2 0.315489 0.410997 0.017758 0.056773
2 0.499764 0.519473 0.019528 0.051341
2 0.472893 0.517698 0.012027 0.042623
2 0.501979 0.917219 0.026859 0.034866
2 0.603707 0.601658 0.012529 0.041581
2 0.609023 0.907762 0.012103 0.018700
2 0.870079 0.948062 0.029603 0.030077
2 0.786527 0.451504 0.019858 0.029912
2 0.586449 0.594384 0.016149 0.033235
2 0.438748 0.452624 0.010523 0.024703
2 0.176604 0.486357 0.027688 0.042783
2 0.730055 0.576178 0.053301 0.031677
2 0.281589 0.200622 0.012076 0.020468
2 0.554490 0.299879 0.025482 0.055594
2 0.434421 0.898025 0.038804 0.057217
2 0.510243 0.099225 0.041957 0.077640
2 0.520883 0.431017 0.021839 0.036502
2 0.316748 0.564171 0.012571 0.022863
2 0.595996 0.449359 0.008341 0.030847
