0 0.299874 0.545237 0.004639 0.019391
0 0.380391 0.588481 0.005331 0.022179
0 0.411536 0.416129 0.006638 0.021835
0 0.455550 0.659813 0.005961 0.022552
0 0.660732 0.572645 0.006670 0.027529
0 0.371873 0.638251 0.007497 0.023645
0 0.647753 0.563675 0.010489 0.029509
0 0.675766 0.547895 0.007420 0.029142
0 0.188828 0.621883 0.003920 0.015174
0 0.581844 0.433885 0.005229 0.021046
0 0.465492 0.431454 0.007539 0.025499
0 0.469292 0.428107 0.004461 0.021102
0 0.330875 0.528374 0.005377 0.020234
0 0.557966 0.521409 0.005589 0.018681
0 0.616620 0.590132 0.007027 0.025650
0 0.531688 0.485151 0.006158 0.021425
0 0.556338 0.440765 0.005351 0.019816
0 0.416212 0.395081 0.004405 0.020485
0 0.340370 0.395591 0.005666 0.023035
0 0.457566 0.714954 0.005531 0.025014
0 0.491718 0.809300 0.005268 0.021652
0 0.541753 0.571283 0.006593 0.022515
0 0.557080 0.417489 0.004405 0.017797
0 0.696671 0.426506 0.005363 0.017876
0 0.870291 0.537918 0.006933 0.025780
0 0.431459 0.681609 0.004919 0.020155
0 0.705425 0.768469 0.006375 0.025300
0 0.407422 0.661996 0.004800 0.018325
0 0.418943 0.683632 0.004597 0.019937
0 0.501900 0.672510 0.006666 0.029352
0 0.180297 0.614193 0.009593 0.025840
0 0.563050 0.431976 0.007372 0.019935
0 0.725438 0.412023 0.006476 0.022011
0 0.884735 0.426924 0.008814 0.019377
0 0.566363 0.432081 0.004094 0.020652
0 0.709727 0.550842 0.005650 0.027233
0 0.496836 0.789049 0.006913 0.018304
0 0.698590 0.551054 0.006752 0.020066
0 0.585660 0.758924 0.005525 0.019902
0 0.397770 0.691619 0.005833 0.033082
0 0.247677 0.572471 0.006027 0.014029
0 0.387330 0.387346 0.007356 0.018535
0 0.353867 0.318345 0.004431 0.018306
0 0.181786 0.619477 0.005042 0.015018
0 0.590284 0.698533 0.004499 0.018209
0 0.584546 0.906763 0.006544 0.019096
0 0.451283 0.371088 0.005053 0.013333
0 0.154026 0.473839 0.004849 0.021830
0 0.422905 0.381890 0.008602 0.023979
0 0.507799 0.840198 0.006099 0.021364
0 0.792089 0.540642 0.005062 0.018053
0 0.711361 0.759030 0.005952 0.025606
0 0.801248 0.543301 0.006680 0.024926
0 0.690648 0.544047 0.006689 0.019981
0 0.711673 0.412540 0.006641 0.024610
0 0.591342 0.736129 0.005316 0.020325
0 0.570372 0.558612 0.004937 0.020145
0 0.576174 0.838583 0.005844 0.024849
0 0.557029 0.609523 0.006691 0.023480
0 0.206946 0.485068 0.002972 0.009542
0 0.553048 0.900346 0.007247 0.021451
0 0.270094 0.775229 0.005655 0.017885
0 0.763656 0.733465 0.005820 0.020102
0 0.410615 0.685163 0.005308 0.019719
0 0.447143 0.769250 0.004861 0.019664
0 0.163212 0.485152 0.006105 0.016472
2 0.502296 0.917487 0.027570 0.034383
3 0.288441 0.567621 0.012296 0.018786
3 0.298828 0.515966 0.012025 0.020575
3 0.738069 0.465594 0.012291 0.014810
3 0.552459 0.479156 0.017190 0.034573
3 0.540724 0.619296 0.014215 0.029791
3 0.780413 0.459521 0.012870 0.014281
3 0.271785 0.533334 0.028757 0.022483
3 0.308195 0.140059 0.011220 0.021321
3 0.281804 0.201380 0.011855 0.019959
2 0.342311 0.666941 0.020000 0.046359
3 0.015301 0.538355 0.014877 0.017763
3 0.453853 0.475202 0.010629 0.023473
3 0.377580 0.515081 0.015964 0.027518
2 0.318181 0.475799 0.027593 0.047274
3 0.002661 0.545064 0.005322 0.011861
3 0.518395 0.449178 0.018911 0.034075
3 0.160338 0.573683 0.013982 0.012729
3 0.111719 0.576849 0.010965 0.018074
3 0.496397 0.444060 0.018530 0.030525
3 0.475254 0.535233 0.011422 0.043293
3 0.234454 0.556441 0.013475 0.017928
3 0.601253 0.447030 0.018762 0.028684
2 0.215051 0.765496 0.018577 0.055773
2 0.616902 0.555071 0.022560 0.036792
3 0.482055 0.464559 0.009790 0.023130
3 0.143419 0.527488 0.013471 0.013596
3 0.768481 0.549381 0.010560 0.020571
3 0.665677 0.570105 0.016447 0.025650
3 0.092104 0.536347 0.013426 0.015305
3 0.192259 0.616089 0.009042 0.015492
2 0.583954 0.481784 0.036224 0.044535
2 0.870214 0.948631 0.028431 0.030526
3 0.254564 0.487806 0.020289 0.029794
3 0.609455 0.585148 0.021452 0.015805
3 0.759421 0.453188 0.020268 0.033702
2 0.026509 0.492108 0.035889 0.024644
3 0.329827 0.588182 0.007080 0.049786
2 0.246976 0.516859 0.027906 0.027757
3 0.265178 0.483089 0.007221 0.016345
3 0.512701 0.540482 0.017614 0.035262
3 0.394645 0.288173 0.011909 0.022224
3 0.313378 0.428007 0.012979 0.023017
3 0.121377 0.468803 0.008056 0.009165
3 0.375187 0.692536 0.014291 0.024998
3 0.143401 0.490204 0.009437 0.008478
3 0.141041 0.661533 0.008966 0.011415
3 0.326633 0.197064 0.009038 0.024161
2 0.194344 0.514030 0.030879 0.034674
3 0.014485 0.646636 0.014282 0.015878
3 0.158186 0.496115 0.011725 0.011971
3 0.779839 0.425300 0.011443 0.012603
3 0.780413 0.459541 0.012870 0.014321
3 0.341217 0.276360 0.005929 0.029145
3 0.719253 0.433049 0.011327 0.019951
3 0.788189 0.546642 0.009928 0.024868
3 0.768449 0.549665 0.010625 0.021163
3 0.746332 0.411959 0.011278 0.017511
3 0.335653 0.224729 0.006543 0.031212
3 0.687052 0.515142 0.013609 0.021673
3 0.111719 0.579546 0.010965 0.023467
3 0.738069 0.465841 0.012291 0.014315
3 0.333995 0.527743 0.012104 0.020429
3 0.341084 0.269371 0.005439 0.016282
3 0.948851 0.542141 0.008787 0.020281
3 0.192259 0.616089 0.009042 0.015492
3 0.564177 0.633041 0.006629 0.021894
3 0.322910 0.222748 0.005254 0.019443
3 0.182478 0.615886 0.013055 0.020826
3 0.733907 0.538879 0.020004 0.035871
3 0.557029 0.609523 0.006691 0.023480
3 0.690292 0.544211 0.007668 0.020595
3 0.930976 0.540199 0.013060 0.021844
3 0.582485 0.545380 0.006072 0.014615
3 0.675748 0.548239 0.007383 0.029831
3 0.554279 0.636464 0.006011 0.025181
3 0.531698 0.485090 0.006138 0.021095
3 0.326633 0.197064 0.009038 0.024161
3 0.158089 0.499738 0.011844 0.019159
3 0.665705 0.570298 0.016504 0.025264
3 0.595198 0.917319 0.008887 0.019691
3 0.482055 0.464559 0.009790 0.023130
3 0.354975 0.329209 0.005827 0.023128
3 0.912146 0.525367 0.007055 0.013054
3 0.698617 0.550684 0.006698 0.018801
3 0.716897 0.518225 0.011542 0.022987
3 0.160359 0.579072 0.014031 0.022220
3 0.142775 0.525973 0.014337 0.019951
3 0.711265 0.415973 0.005462 0.018078
3 0.805091 0.499108 0.014304 0.019038
3 0.285543 0.179286 0.004770 0.012073
3 0.015269 0.538383 0.014761 0.017707
3 0.702154 0.417063 0.008688 0.016753
3 0.234454 0.556441 0.013475 0.017928
3 0.789336 0.540382 0.010099 0.016480
3 0.696671 0.426506 0.005363 0.017876
3 0.584546 0.906763 0.006544 0.019096
3 0.815005 0.432831 0.008947 0.019649
3 0.683222 0.561897 0.011464 0.019970
3 0.163212 0.485266 0.006105 0.016730
3 0.835442 0.761153 0.010672 0.024777
3 0.725438 0.412945 0.006476 0.023855
3 0.892337 0.440213 0.011884 0.022057
3 0.925974 0.533437 0.008882 0.023786
3 0.372021 0.638875 0.005718 0.022398
3 0.239587 0.496343 0.010639 0.017517
3 0.340587 0.395008 0.005233 0.021868
3 0.648685 0.564366 0.008624 0.028127
3 0.422930 0.594374 0.008963 0.024390
3 0.816390 0.542363 0.007498 0.025063
3 0.729800 0.546575 0.012970 0.019520
5 0.337516 0.582276 0.019062 0.040159
5 0.616902 0.555228 0.022560 0.036477
5 0.194597 0.515784 0.031078 0.034167
5 0.556266 0.571657 0.018324 0.041395
5 0.584107 0.481953 0.036530 0.046509
5 0.323586 0.309994 0.012566 0.061361
5 0.322188 0.809304 0.111043 0.063774
5 0.315514 0.410672 0.017895 0.057644
5 0.317009 0.253753 0.012226 0.035706
5 0.442152 0.530483 0.053173 0.095915
5 0.341645 0.171181 0.014569 0.052986
5 0.215051 0.765496 0.018577 0.055773
5 0.342311 0.666941 0.020000 0.046359
5 0.375949 0.256625 0.015488 0.057771
2 0.318148 0.475672 0.028260 0.047414
2 0.247523 0.510176 0.030017 0.041329
2 0.194320 0.514685 0.031586 0.036211
2 0.325289 0.355871 0.014344 0.061618
2 0.400354 0.632360 0.018458 0.032798
2 0.377581 0.515081 0.015966 0.027518
2 0.315514 0.410672 0.017895 0.057644
2 0.342108 0.666481 0.020589 0.047164
7 0.657690 0.931225 0.080086 0.136748
2 0.337516 0.582276 0.019062 0.040159
2 0.215043 0.765123 0.018568 0.055972
2 0.584107 0.481757 0.036530 0.046118
2 0.518395 0.449528 0.018911 0.033375
2 0.323586 0.310010 0.012566 0.061329
2 0.495282 0.435804 0.021154 0.047038
2 0.026509 0.491539 0.035889 0.026572
2 0.592212 0.659343 0.015828 0.052505
2 0.375949 0.256625 0.015488 0.057771
2 0.341645 0.171181 0.014569 0.052986
2 0.401669 0.247309 0.013494 0.037611
2 0.314820 0.190057 0.013190 0.038077
2 0.316953 0.253676 0.012339 0.035486
2 0.351621 0.700500 0.024874 0.056218
2 0.342914 0.328211 0.008945 0.032442
2 0.399772 0.743735 0.021869 0.030006
2 0.759444 0.453875 0.020350 0.032953
2 0.254564 0.487806 0.020289 0.029794
2 0.556214 0.572949 0.018202 0.043979
2 0.616898 0.555071 0.022665 0.036792
2 0.656150 0.469126 0.022794 0.030170
2 0.475254 0.535233 0.011422 0.043293
2 0.512701 0.540482 0.017614 0.035262
2 0.552361 0.479288 0.017364 0.034851
2 0.181057 0.483342 0.020678 0.035318
2 0.395423 0.294752 0.012833 0.035821
2 0.453853 0.475202 0.010629 0.023473
2 0.105576 0.528420 0.022912 0.029074
2 0.463554 0.763067 0.018804 0.038375
2 0.603820 0.601811 0.012472 0.041835
2 0.870214 0.948631 0.028431 0.030526
2 0.375378 0.695707 0.014810 0.031764
2 0.139485 0.481932 0.022750 0.023071
2 0.734229 0.452328 0.021473 0.036413
2 0.141232 0.520769 0.017299 0.028037
2 0.729760 0.576806 0.054627 0.030700
2 0.609141 0.908236 0.012185 0.019129
2 0.298796 0.515966 0.011900 0.020575
2 0.377944 0.747561 0.026316 0.035350
2 0.644555 0.321427 0.067946 0.129994
2 0.586597 0.594283 0.016713 0.032374
2 0.281845 0.201380 0.011737 0.019959
2 0.588360 0.429287 0.018186 0.029862
2 0.482055 0.464559 0.009790 0.023130
2 0.803894 0.442835 0.018346 0.030606
2 0.502296 0.917487 0.027570 0.034383
2 0.308218 0.139866 0.011175 0.020934
2 0.288443 0.567621 0.012292 0.018786
2 0.015301 0.537836 0.014877 0.016727
2 0.452558 0.589695 0.021006 0.043923
2 0.603755 0.987484 0.014486 0.025338
