0 0.379690 0.584598 0.004946 0.023353
0 0.456707 0.660857 0.005776 0.022820
0 0.340306 0.401186 0.005407 0.023558
0 0.678088 0.547255 0.008182 0.031463
0 0.660422 0.572997 0.006299 0.027142
0 0.578711 0.435898 0.005408 0.019913
0 0.297629 0.543150 0.003687 0.018503
0 0.501937 0.686800 0.006268 0.027377
0 0.531280 0.481471 0.005677 0.018778
0 0.371849 0.637994 0.007334 0.024463
0 0.540513 0.567139 0.007567 0.023848
0 0.616176 0.590772 0.006863 0.025686
0 0.414977 0.408929 0.006850 0.033291
0 0.725386 0.412409 0.006593 0.022851
0 0.433346 0.684240 0.005296 0.021331
0 0.464904 0.426564 0.008446 0.026523
0 0.650115 0.561432 0.010121 0.031624
0 0.568041 0.726333 0.006940 0.026436
0 0.188717 0.621768 0.004051 0.015302
0 0.553813 0.441029 0.005029 0.021232
0 0.692627 0.542118 0.008307 0.022592
0 0.457582 0.714933 0.005396 0.025006
0 0.557800 0.521516 0.005465 0.018456
0 0.696618 0.426447 0.005281 0.017976
0 0.593827 0.881096 0.006911 0.029829
0 0.598262 0.885526 0.003887 0.019587
0 0.387841 0.387527 0.005641 0.019275
0 0.470278 0.810006 0.005791 0.026752
0 0.418911 0.683729 0.004815 0.020241
0 0.409829 0.663906 0.004092 0.017180
0 0.468442 0.424324 0.004611 0.020403
0 0.561913 0.432877 0.004701 0.019290
0 0.709763 0.551148 0.005712 0.027000
0 0.322533 0.218143 0.005671 0.020273
0 0.870274 0.537850 0.007036 0.026177
0 0.491159 0.805870 0.005567 0.019496
0 0.711632 0.412588 0.006792 0.025188
0 0.566418 0.432336 0.004058 0.020979
0 0.356999 0.333871 0.004104 0.013164
0 0.557288 0.417210 0.004024 0.017728
0 0.590934 0.699844 0.004693 0.017560
0 0.448321 0.769669 0.004159 0.019950
0 0.415665 0.398402 0.004583 0.017254
0 0.508628 0.843438 0.005441 0.023572
0 0.698372 0.551269 0.007229 0.021423
0 0.413157 0.365606 0.008296 0.025770
0 0.564538 0.482033 0.005411 0.018700
0 0.584543 0.753672 0.005260 0.018412
0 0.397684 0.691768 0.005720 0.031285
0 0.520711 0.499941 0.006369 0.031677
0 0.445579 0.463909 0.010317 0.024074
0 0.705444 0.768886 0.006668 0.026093
0 0.357600 0.348421 0.005967 0.021365
0 0.584208 0.897093 0.007937 0.024662
0 0.710184 0.762614 0.007405 0.028162
0 0.788650 0.545355 0.011673 0.027246
0 0.496762 0.788915 0.006744 0.018290
0 0.178676 0.617210 0.005245 0.018774
2 0.501694 0.917299 0.028001 0.034152
3 0.271279 0.531912 0.028965 0.023445
3 0.776128 0.460755 0.013259 0.014653
3 0.287301 0.513987 0.012362 0.019767
2 0.341885 0.666517 0.020734 0.047102
3 0.302118 0.566309 0.012071 0.020766
3 0.616386 0.553235 0.021804 0.032652
3 0.281614 0.201226 0.012175 0.020165
3 0.308198 0.139652 0.011045 0.020750
3 0.546706 0.482644 0.017363 0.035445
3 0.753007 0.453141 0.017248 0.031262
2 0.214856 0.765577 0.018586 0.055987
2 0.027049 0.492199 0.035370 0.024964
2 0.311567 0.483797 0.028619 0.047403
2 0.579247 0.478676 0.033077 0.039009
3 0.241152 0.555736 0.013045 0.018140
2 0.591919 0.660034 0.015279 0.053942
3 0.795308 0.451618 0.016611 0.024976
2 0.870026 0.948382 0.028955 0.030453
3 0.559298 0.503439 0.010388 0.017022
3 0.775583 0.769963 0.013368 0.019270
3 0.131781 0.529102 0.012752 0.013539
3 0.537648 0.611638 0.014673 0.029869
3 0.601317 0.447261 0.019037 0.030744
3 0.518759 0.447596 0.017066 0.033135
3 0.768484 0.549107 0.010689 0.020037
3 0.446390 0.464531 0.010753 0.024371
3 0.474131 0.525477 0.012054 0.044241
2 0.190593 0.514465 0.032252 0.036336
3 0.506427 0.525309 0.017592 0.035463
3 0.255215 0.485555 0.023009 0.029055
3 0.313354 0.427773 0.012978 0.024249
3 0.329784 0.597057 0.007194 0.031492
3 0.668871 0.568073 0.009740 0.022436
3 0.175382 0.578027 0.014474 0.020482
3 0.728190 0.464050 0.013786 0.017568
3 0.394560 0.288541 0.010532 0.030288
3 0.721870 0.429946 0.012652 0.016258
3 0.341213 0.294406 0.006349 0.027524
3 0.325985 0.531238 0.012636 0.021506
3 0.287301 0.513896 0.012362 0.019586
3 0.508523 0.847473 0.005623 0.016609
3 0.768450 0.550207 0.010807 0.022405
3 0.728601 0.515546 0.013775 0.020307
3 0.357600 0.348421 0.005967 0.021365
3 0.413853 0.365180 0.008873 0.026331
3 0.186863 0.614968 0.021886 0.024048
3 0.446372 0.464531 0.010716 0.024371
3 0.775858 0.460492 0.012718 0.014044
3 0.787918 0.546214 0.009354 0.023086
3 0.594384 0.913497 0.007768 0.020140
3 0.428265 0.606101 0.007555 0.023940
3 0.297508 0.545558 0.003341 0.013626
3 0.372054 0.638864 0.005606 0.022769
3 0.701503 0.513754 0.015756 0.023342
3 0.285410 0.179070 0.004865 0.012213
3 0.336904 0.245976 0.006481 0.023029
3 0.446526 0.623768 0.010304 0.020737
3 0.584208 0.897234 0.007937 0.024945
3 0.746264 0.412094 0.011233 0.017319
3 0.677628 0.551538 0.007378 0.023165
3 0.563082 0.628369 0.006342 0.023518
3 0.454722 0.715454 0.011516 0.024920
3 0.665608 0.570195 0.016486 0.026681
3 0.302114 0.566009 0.012062 0.019906
3 0.117958 0.584934 0.012089 0.025646
3 0.823109 0.499225 0.013276 0.024452
3 0.484889 0.855922 0.008519 0.022199
3 0.683807 0.562280 0.010482 0.020015
3 0.182071 0.615919 0.012071 0.021358
3 0.553333 0.626228 0.005684 0.018885
3 0.650790 0.562202 0.008727 0.029337
3 0.568041 0.726333 0.006940 0.026436
3 0.175382 0.578027 0.014474 0.020482
3 0.326451 0.201816 0.010027 0.025882
3 0.163495 0.495819 0.014318 0.028307
3 0.582327 0.545423 0.005639 0.014223
3 0.308198 0.139652 0.011045 0.020750
3 0.476113 0.455946 0.009757 0.022798
3 0.882634 0.439038 0.012047 0.021999
3 0.615686 0.594355 0.005911 0.019639
3 0.237408 0.496135 0.009208 0.017886
3 0.408913 0.699678 0.010007 0.018323
3 0.593827 0.881627 0.006911 0.030337
3 0.692639 0.542198 0.008283 0.022431
3 0.501849 0.691105 0.005442 0.020574
3 0.801344 0.543045 0.007142 0.024793
3 0.492081 0.983004 0.009664 0.021711
3 0.131741 0.526646 0.013334 0.022950
3 0.702058 0.416938 0.008756 0.017377
3 0.976090 0.449002 0.013833 0.017042
3 0.555278 0.616802 0.004955 0.015042
3 0.948812 0.542064 0.008799 0.020514
3 0.794237 0.436381 0.011207 0.012497
5 0.554254 0.575606 0.017495 0.043664
5 0.346708 0.581548 0.018112 0.033988
5 0.190884 0.515664 0.031296 0.033938
5 0.316983 0.253808 0.012038 0.036471
5 0.441774 0.529748 0.052349 0.093417
5 0.323598 0.309570 0.012369 0.060716
5 0.315413 0.411222 0.017802 0.057001
5 0.616955 0.554715 0.022769 0.036297
5 0.342141 0.666751 0.020222 0.046635
5 0.311823 0.484015 0.026677 0.046968
5 0.657570 0.931497 0.078125 0.136067
2 0.238922 0.514870 0.028647 0.034326
2 0.311381 0.483812 0.029364 0.047682
2 0.325243 0.353989 0.014259 0.058176
2 0.190593 0.514479 0.032252 0.036365
2 0.341931 0.666521 0.020826 0.047109
2 0.400352 0.632294 0.018829 0.032952
2 0.346722 0.581343 0.018141 0.033579
7 0.657356 0.930903 0.080006 0.137090
2 0.578605 0.479856 0.034362 0.042438
2 0.518196 0.448840 0.018622 0.033788
2 0.323363 0.309570 0.012839 0.060716
2 0.495618 0.435880 0.021416 0.048392
2 0.382884 0.524011 0.015901 0.028501
2 0.351695 0.700007 0.025127 0.056821
2 0.214856 0.765391 0.018586 0.055614
2 0.374794 0.241443 0.014757 0.060604
2 0.314807 0.189188 0.013381 0.036081
2 0.546531 0.482350 0.017723 0.035433
2 0.753170 0.453840 0.020108 0.032659
2 0.401844 0.248469 0.014028 0.040984
2 0.316944 0.253808 0.012116 0.036471
2 0.506010 0.533599 0.019381 0.049722
2 0.342029 0.185755 0.013666 0.044234
2 0.592322 0.660219 0.016086 0.054314
2 0.315501 0.401614 0.017837 0.037913
2 0.474131 0.525477 0.012054 0.044241
2 0.463265 0.765225 0.019302 0.037492
2 0.554254 0.575606 0.017495 0.043664
2 0.255215 0.486143 0.023009 0.030230
2 0.399312 0.743581 0.021116 0.029875
2 0.616912 0.554715 0.022855 0.036297
2 0.647660 0.470213 0.023744 0.031406
2 0.343408 0.346445 0.009721 0.047614
2 0.393823 0.284975 0.012107 0.037243
2 0.027049 0.491429 0.035370 0.026601
2 0.271352 0.529405 0.029110 0.028460
2 0.585640 0.608137 0.023971 0.062574
2 0.446390 0.464531 0.010753 0.024371
2 0.375287 0.694835 0.014614 0.030375
2 0.335755 0.597562 0.019002 0.032917
2 0.608975 0.907917 0.012444 0.018580
2 0.537648 0.611638 0.014673 0.029869
2 0.457044 0.584141 0.021179 0.046179
2 0.729924 0.576607 0.054194 0.030909
2 0.476119 0.455908 0.009769 0.022872
2 0.501694 0.917299 0.028001 0.034152
2 0.870026 0.948382 0.028955 0.030453
2 0.603758 0.601764 0.012435 0.041758
2 0.795308 0.451618 0.016611 0.024976
2 0.281646 0.201226 0.012102 0.020165
2 0.308198 0.139652 0.011045 0.020750
2 0.727641 0.454117 0.019595 0.032743
2 0.139637 0.483401 0.024373 0.026533
2 0.805719 0.778761 0.017071 0.047233
2 0.631058 0.276654 0.022491 0.040608
2 0.287276 0.514017 0.012258 0.019706
2 0.571438 0.623673 0.010330 0.031113
2 0.174446 0.660033 0.033336 0.052097
2 0.413853 0.363892 0.008873 0.023754
2 0.388217 0.696107 0.015862 0.038504
2 0.854895 0.775953 0.014488 0.050300
2 0.381410 0.745566 0.019703 0.030987
2 0.179767 0.474293 0.018439 0.019086
