0 0.300751 0.545837 0.004810 0.019170
0 0.380862 0.589373 0.005114 0.021955
0 0.410928 0.416069 0.005841 0.023045
0 0.582605 0.434322 0.005162 0.020778
0 0.466850 0.430233 0.010047 0.026688
0 0.454966 0.659266 0.005649 0.022803
0 0.464250 0.435192 0.004804 0.020621
0 0.541841 0.573178 0.006043 0.021483
0 0.371896 0.638150 0.007471 0.023652
0 0.188837 0.622045 0.003970 0.015126
0 0.557942 0.521501 0.005634 0.018503
0 0.557023 0.441056 0.004547 0.019555
0 0.675571 0.547605 0.007314 0.028912
0 0.660763 0.572947 0.006699 0.027498
0 0.491814 0.811038 0.005252 0.020587
0 0.647409 0.564074 0.010003 0.029908
0 0.616728 0.589902 0.007230 0.025756
0 0.416344 0.394496 0.004577 0.020165
0 0.406444 0.661709 0.003835 0.018099
0 0.340488 0.395097 0.005525 0.022495
0 0.532221 0.486268 0.005951 0.020927
0 0.457616 0.715205 0.005461 0.025366
0 0.565064 0.432259 0.006860 0.021034
0 0.696766 0.426842 0.005385 0.017369
0 0.585948 0.759568 0.005645 0.020789
0 0.178743 0.616195 0.005621 0.020573
0 0.557093 0.417387 0.004485 0.017992
0 0.501816 0.669583 0.006643 0.028990
0 0.725516 0.412212 0.006661 0.022749
0 0.387195 0.387678 0.007086 0.019190
0 0.419034 0.683726 0.004865 0.019645
0 0.576322 0.841174 0.006107 0.027159
0 0.709653 0.550873 0.005594 0.027020
0 0.507361 0.837000 0.007156 0.024207
0 0.353001 0.312274 0.004437 0.014714
0 0.591731 0.737695 0.005807 0.019426
0 0.430467 0.680827 0.004517 0.018883
0 0.590258 0.698252 0.004598 0.018015
0 0.496943 0.789030 0.006827 0.018256
0 0.424762 0.385452 0.008679 0.024516
0 0.554321 0.641454 0.005893 0.025684
0 0.207106 0.485072 0.003290 0.009468
0 0.705509 0.767755 0.006684 0.024477
0 0.569126 0.751279 0.007550 0.025597
0 0.698555 0.550391 0.006542 0.018645
0 0.451582 0.371484 0.004604 0.013535
0 0.002543 0.627914 0.004919 0.022933
0 0.561360 0.433512 0.003965 0.017252
0 0.397874 0.691997 0.005889 0.032457
0 0.280507 0.766123 0.006062 0.021679
0 0.556807 0.612467 0.006798 0.023428
0 0.181599 0.619391 0.005449 0.015343
0 0.331546 0.525871 0.003509 0.015780
0 0.730807 0.779574 0.005721 0.024854
0 0.870277 0.538110 0.006902 0.026138
0 0.556207 0.843764 0.004156 0.019973
0 0.791981 0.540833 0.005166 0.017737
0 0.236638 0.498141 0.004728 0.019475
0 0.141749 0.668458 0.006772 0.025489
2 0.502169 0.917465 0.027540 0.034451
3 0.285528 0.567862 0.012691 0.018644
3 0.301227 0.515077 0.012296 0.019530
3 0.004744 0.545162 0.009433 0.013392
3 0.495248 0.444155 0.020973 0.030741
3 0.514459 0.543565 0.016379 0.033689
3 0.019285 0.536792 0.014604 0.015560
3 0.094839 0.536641 0.013016 0.015580
3 0.271664 0.533230 0.029008 0.022530
3 0.483937 0.467867 0.010206 0.022764
3 0.308166 0.140316 0.011104 0.021493
3 0.518498 0.449015 0.019094 0.034052
3 0.553910 0.478720 0.016943 0.034745
3 0.475409 0.537782 0.011241 0.043526
3 0.281922 0.201525 0.011793 0.019528
3 0.146310 0.529069 0.013066 0.016314
3 0.156788 0.573744 0.013568 0.012371
3 0.156769 0.499756 0.011397 0.018852
3 0.143251 0.515001 0.013739 0.017542
2 0.342279 0.667053 0.020142 0.046523
2 0.320017 0.473660 0.027741 0.049436
3 0.533557 0.437548 0.013223 0.020385
2 0.616926 0.555009 0.022579 0.037219
3 0.739968 0.463873 0.013132 0.017664
3 0.806722 0.444862 0.015667 0.023035
3 0.602431 0.440605 0.016521 0.015271
3 0.455911 0.477742 0.011463 0.023107
3 0.376237 0.513385 0.015993 0.027676
2 0.215059 0.765187 0.018352 0.056289
2 0.870198 0.949079 0.028699 0.030457
3 0.396613 0.297247 0.015058 0.037997
3 0.110161 0.576341 0.011288 0.020075
3 0.781585 0.459430 0.012238 0.014118
2 0.026395 0.492256 0.036775 0.025234
3 0.192050 0.616077 0.009540 0.016082
2 0.194881 0.514612 0.032316 0.035835
3 0.265095 0.483081 0.007325 0.016412
3 0.669147 0.567685 0.009486 0.021080
3 0.400434 0.632519 0.018346 0.032957
3 0.775846 0.770518 0.013587 0.019763
3 0.329929 0.587350 0.007088 0.049553
3 0.143796 0.489891 0.009018 0.008591
3 0.313453 0.428147 0.013074 0.023127
3 0.208475 0.474739 0.013203 0.012098
3 0.761671 0.445012 0.018787 0.014223
3 0.548478 0.987400 0.011781 0.025646
3 0.609220 0.675715 0.010630 0.018599
3 0.248855 0.516357 0.027448 0.027952
3 0.341212 0.272115 0.006075 0.028190
3 0.788319 0.545959 0.010060 0.025473
3 0.688925 0.545527 0.009237 0.022996
3 0.110161 0.578408 0.011288 0.024210
3 0.781641 0.459446 0.012504 0.014346
3 0.334891 0.526744 0.012972 0.021574
3 0.768463 0.549686 0.010816 0.021168
3 0.186315 0.615598 0.021011 0.022677
3 0.800833 0.500894 0.015242 0.023119
3 0.182276 0.615933 0.013013 0.021116
3 0.556726 0.612612 0.006973 0.024112
3 0.746330 0.411948 0.011231 0.017309
3 0.502048 0.665392 0.005567 0.021209
3 0.483922 0.467685 0.010175 0.022400
3 0.353888 0.324837 0.006530 0.024168
3 0.532235 0.486188 0.005922 0.020613
3 0.323105 0.224407 0.005412 0.019466
3 0.582549 0.545499 0.006046 0.014381
3 0.335424 0.224578 0.006297 0.023266
3 0.416344 0.394496 0.004577 0.020165
3 0.584806 0.907472 0.007110 0.019932
3 0.718155 0.433717 0.010100 0.020987
3 0.326992 0.195757 0.008522 0.022390
3 0.372062 0.639008 0.005704 0.022428
3 0.684208 0.516183 0.014833 0.024132
3 0.740048 0.465572 0.012617 0.013408
3 0.698555 0.550391 0.006542 0.018645
3 0.798764 0.504494 0.011096 0.018223
3 0.835451 0.760811 0.010817 0.025005
3 0.684251 0.564724 0.010040 0.014585
3 0.019286 0.537174 0.014608 0.016528
3 0.594669 0.918026 0.008423 0.020288
3 0.665784 0.570195 0.016621 0.026100
3 0.285561 0.179241 0.004716 0.011919
3 0.712034 0.514399 0.014535 0.025071
3 0.300616 0.549059 0.003794 0.012983
3 0.421401 0.592178 0.008160 0.024147
3 0.156763 0.499568 0.011386 0.018477
3 0.648183 0.566676 0.007853 0.023367
3 0.719745 0.428270 0.008267 0.011581
3 0.675542 0.547605 0.007164 0.028912
3 0.789351 0.540486 0.010008 0.016385
3 0.725369 0.417877 0.005634 0.014962
3 0.556643 0.443819 0.003364 0.014070
3 0.340812 0.394290 0.004876 0.020880
3 0.425276 0.392144 0.007494 0.013311
3 0.554321 0.641454 0.005893 0.025684
3 0.145611 0.526137 0.014463 0.022178
3 0.239585 0.497413 0.010685 0.018880
3 0.570063 0.558648 0.004463 0.017244
3 0.455911 0.477742 0.011463 0.023107
3 0.564600 0.634740 0.006872 0.021733
3 0.454948 0.715212 0.011370 0.024654
3 0.553126 0.901388 0.007263 0.022216
3 0.341046 0.264662 0.005227 0.014506
3 0.801347 0.543094 0.006949 0.025085
5 0.585755 0.481578 0.036366 0.046334
5 0.335627 0.577211 0.017769 0.029635
5 0.556889 0.571411 0.018316 0.041839
5 0.616926 0.555570 0.022579 0.036097
5 0.323656 0.310203 0.012353 0.062182
5 0.442295 0.530840 0.052892 0.096328
5 0.315590 0.411031 0.017858 0.056995
5 0.400434 0.632519 0.018346 0.032957
5 0.657850 0.931734 0.077719 0.135484
5 0.195567 0.515756 0.031081 0.033878
2 0.194804 0.514593 0.032690 0.036178
2 0.249897 0.505333 0.032862 0.056303
2 0.319934 0.473602 0.028485 0.049760
2 0.400404 0.632481 0.018500 0.032833
7 0.657773 0.931219 0.079827 0.136709
2 0.315590 0.411027 0.017858 0.056986
2 0.342042 0.666491 0.020809 0.047292
2 0.376197 0.513561 0.016074 0.027985
2 0.325254 0.355514 0.014427 0.060836
2 0.335448 0.587260 0.018126 0.049732
2 0.215038 0.765051 0.018309 0.056016
2 0.323435 0.310230 0.012796 0.062033
2 0.585755 0.481417 0.036366 0.046012
2 0.592357 0.659518 0.016129 0.052905
2 0.375909 0.257814 0.016096 0.052982
2 0.518498 0.449500 0.019094 0.033514
2 0.396613 0.297247 0.015058 0.037997
2 0.314825 0.190546 0.013449 0.038422
2 0.255397 0.486699 0.022683 0.031691
2 0.025601 0.495194 0.039418 0.033887
2 0.616927 0.555009 0.022695 0.037219
2 0.401698 0.247330 0.013612 0.038519
2 0.351827 0.700562 0.024580 0.056747
2 0.316911 0.253639 0.012177 0.035537
2 0.556788 0.571924 0.018268 0.043031
2 0.399452 0.743431 0.021035 0.028987
2 0.475326 0.537821 0.011408 0.043605
2 0.495514 0.435892 0.021933 0.047266
2 0.870198 0.949079 0.028699 0.030457
2 0.734936 0.451533 0.020496 0.036323
2 0.342729 0.333085 0.009457 0.047002
2 0.180992 0.483344 0.020342 0.034929
2 0.569087 0.627988 0.015479 0.038350
2 0.340342 0.162641 0.011948 0.038741
2 0.139885 0.482487 0.022178 0.023415
2 0.603795 0.602017 0.012481 0.041701
2 0.609001 0.908080 0.012028 0.018620
2 0.375429 0.693833 0.014823 0.027893
2 0.603511 0.987586 0.013960 0.025239
2 0.553868 0.478723 0.016857 0.034751
2 0.301218 0.515077 0.012268 0.019530
2 0.463793 0.763441 0.018357 0.033398
2 0.806594 0.779785 0.015344 0.042363
2 0.502169 0.917510 0.027540 0.034361
2 0.308188 0.140071 0.011062 0.021005
2 0.586733 0.594359 0.016259 0.032481
2 0.760865 0.453626 0.019877 0.031534
2 0.451412 0.590350 0.020978 0.043748
2 0.513229 0.551730 0.019437 0.050463
2 0.271793 0.532123 0.029438 0.024743
2 0.107759 0.526383 0.024764 0.026686
2 0.658430 0.469104 0.022839 0.030206
2 0.208691 0.657101 0.047006 0.055400
2 0.335599 0.526806 0.011522 0.020689
2 0.483937 0.467867 0.010206 0.022764
2 0.806722 0.444862 0.015667 0.023035
2 0.729590 0.577088 0.054753 0.030205
2 0.281930 0.201525 0.011670 0.019528
2 0.336062 0.599594 0.019261 0.036160
2 0.146310 0.529069 0.013066 0.016314
2 0.285579 0.567862 0.012591 0.018644
