0 0.340476 0.404840 0.005761 0.023926
0 0.379339 0.583635 0.005280 0.022555
0 0.660355 0.572945 0.006060 0.027281
0 0.552552 0.440684 0.006276 0.021519
0 0.458055 0.660597 0.005139 0.023531
0 0.296259 0.542771 0.005995 0.022296
0 0.465292 0.424378 0.009904 0.026131
0 0.652023 0.561081 0.009137 0.030090
0 0.725360 0.412328 0.006692 0.022206
0 0.434431 0.684605 0.006556 0.022756
0 0.616133 0.591230 0.006843 0.025751
0 0.457561 0.715011 0.005662 0.025093
0 0.540364 0.563641 0.006935 0.022693
0 0.490504 0.803144 0.004447 0.021201
0 0.530762 0.480444 0.005603 0.021456
0 0.576780 0.435895 0.005643 0.019494
0 0.416074 0.407661 0.006665 0.032705
0 0.679186 0.544333 0.009760 0.037641
0 0.694123 0.541777 0.008134 0.021548
0 0.188637 0.621915 0.003946 0.014974
0 0.557835 0.521322 0.005511 0.018642
0 0.418827 0.683736 0.004657 0.020625
0 0.502293 0.693479 0.006914 0.027795
0 0.372000 0.637641 0.007701 0.025021
0 0.557329 0.417386 0.004539 0.018718
0 0.567528 0.716554 0.007951 0.025857
0 0.322405 0.216411 0.004711 0.020219
0 0.696691 0.426579 0.005247 0.017820
0 0.387730 0.387851 0.005331 0.019805
0 0.496818 0.788979 0.006752 0.018295
0 0.711725 0.412204 0.006899 0.024775
0 0.591167 0.700133 0.005009 0.017997
0 0.593229 0.873524 0.005699 0.019437
0 0.462673 0.427217 0.004752 0.021056
0 0.870325 0.537833 0.007187 0.026124
0 0.359265 0.352121 0.005880 0.029537
0 0.709531 0.550880 0.005288 0.026240
0 0.585482 0.739414 0.008045 0.038811
0 0.698302 0.551092 0.007035 0.022547
0 0.562232 0.432791 0.004857 0.019461
0 0.705065 0.768993 0.006059 0.026558
0 0.996431 0.536065 0.007022 0.016674
0 0.787569 0.546779 0.009394 0.024521
0 0.791920 0.540815 0.005154 0.018551
0 0.448748 0.769387 0.005083 0.019116
0 0.408574 0.690111 0.007070 0.030966
0 0.710001 0.762632 0.007817 0.028152
0 0.691966 0.417342 0.006292 0.025906
0 0.471973 0.814641 0.004940 0.018101
2 0.502044 0.917556 0.027405 0.034677
3 0.130785 0.507293 0.016954 0.024127
2 0.576586 0.477976 0.032672 0.036566
3 0.308197 0.139081 0.011056 0.020012
3 0.773565 0.460768 0.011855 0.014366
3 0.309492 0.565719 0.012181 0.022062
2 0.342236 0.666779 0.020099 0.046571
3 0.281629 0.201681 0.012155 0.021416
3 0.277097 0.534262 0.016526 0.017070
3 0.281529 0.514428 0.012420 0.019147
2 0.616732 0.554997 0.023173 0.036630
3 0.600844 0.449224 0.018689 0.031151
2 0.214882 0.765572 0.018458 0.055558
3 0.392992 0.280705 0.010287 0.028900
3 0.544293 0.484092 0.016513 0.034397
2 0.307971 0.485993 0.028076 0.041968
3 0.329864 0.597409 0.007119 0.031927
2 0.870051 0.948558 0.028980 0.030230
3 0.553520 0.573710 0.017111 0.037867
3 0.707161 0.509614 0.014633 0.019626
3 0.442385 0.458848 0.010991 0.024670
3 0.966639 0.449115 0.014094 0.017544
2 0.591745 0.659835 0.015180 0.053231
3 0.603712 0.601996 0.012461 0.041556
2 0.315513 0.410957 0.017687 0.057460
3 0.768496 0.549378 0.010831 0.020444
3 0.473577 0.521845 0.011894 0.043667
2 0.026057 0.491741 0.033778 0.024714
3 0.668949 0.567966 0.009684 0.022340
3 0.182540 0.578398 0.014118 0.019792
3 0.609048 0.907560 0.012235 0.018068
3 0.590711 0.499101 0.022622 0.014060
3 0.166474 0.493003 0.011611 0.014123
3 0.606837 0.678979 0.015037 0.024213
3 0.519075 0.442111 0.016502 0.016346
3 0.385409 0.528747 0.015483 0.027795
3 0.831218 0.498710 0.013247 0.023060
3 0.723103 0.429559 0.012620 0.017386
3 0.735589 0.514420 0.014346 0.020720
3 0.773551 0.460723 0.011883 0.014468
3 0.340917 0.302320 0.006072 0.028079
3 0.746185 0.411953 0.011057 0.017476
3 0.878004 0.439925 0.012137 0.020855
3 0.707147 0.510299 0.014719 0.020742
3 0.768462 0.549790 0.010966 0.021570
3 0.966639 0.449115 0.014094 0.017544
3 0.594284 0.911765 0.008572 0.019872
3 0.567528 0.716554 0.007951 0.025857
3 0.787906 0.546192 0.009586 0.024395
3 0.930708 0.539006 0.013229 0.023729
3 0.583362 0.898513 0.006564 0.018038
3 0.694154 0.541799 0.008073 0.021503
3 0.285407 0.178831 0.004894 0.011825
3 0.554913 0.615259 0.007842 0.027353
3 0.731550 0.546569 0.017483 0.023001
3 0.372059 0.638890 0.005697 0.022497
3 0.119872 0.586590 0.011123 0.023091
3 0.359515 0.357389 0.006014 0.021010
3 0.891540 0.530338 0.013490 0.015725
3 0.415688 0.412661 0.005163 0.021525
3 0.322080 0.533376 0.012797 0.022080
3 0.281529 0.514372 0.012420 0.018947
3 0.669065 0.568604 0.009916 0.023615
3 0.296664 0.545605 0.003748 0.011918
3 0.780110 0.424900 0.012251 0.013795
3 0.948883 0.541889 0.008952 0.020582
3 0.679011 0.547647 0.009311 0.031556
3 0.816306 0.542396 0.007479 0.024993
3 0.340624 0.407462 0.004103 0.016559
3 0.473403 0.451564 0.009582 0.023038
3 0.801310 0.543092 0.007271 0.025650
3 0.652173 0.561689 0.008516 0.028874
3 0.450666 0.628483 0.009992 0.023024
3 0.903130 0.544545 0.012771 0.029189
3 0.684274 0.564545 0.009550 0.014844
3 0.702133 0.416931 0.008731 0.017543
3 0.442372 0.458848 0.010965 0.024670
3 0.502143 0.692905 0.005775 0.028821
3 0.309492 0.565889 0.012181 0.022567
3 0.725360 0.412176 0.006692 0.021903
3 0.582330 0.545510 0.005718 0.013861
3 0.238428 0.495636 0.013415 0.018721
3 0.337350 0.240996 0.006136 0.018258
3 0.555964 0.609725 0.005573 0.017843
3 0.576780 0.435895 0.005643 0.019494
3 0.308197 0.139081 0.011056 0.020012
3 0.987251 0.485350 0.015670 0.021067
3 0.791983 0.436827 0.011272 0.012300
3 0.191456 0.616367 0.012426 0.021163
3 0.605919 0.720082 0.013111 0.028297
3 0.182078 0.616388 0.012135 0.021190
3 0.970066 0.531319 0.015599 0.021088
3 0.763319 0.418119 0.010470 0.021007
3 0.562876 0.624589 0.007059 0.022220
3 0.742296 0.533912 0.011075 0.023437
3 0.856524 0.530496 0.009823 0.021292
3 0.164565 0.494994 0.014264 0.026862
3 0.877351 0.535910 0.007740 0.017762
3 0.835324 0.761349 0.010934 0.024283
3 0.593902 0.878388 0.007428 0.028605
5 0.316859 0.264777 0.012498 0.059010
5 0.322573 0.809498 0.111813 0.064288
5 0.441528 0.530039 0.053048 0.093979
5 0.323606 0.309882 0.012499 0.061318
5 0.315508 0.410957 0.017698 0.057460
5 0.616885 0.555018 0.022869 0.036588
5 0.188950 0.515524 0.030866 0.034116
5 0.657591 0.931584 0.078138 0.135787
5 0.343673 0.351690 0.009459 0.048074
5 0.342236 0.666779 0.020099 0.046571
2 0.188742 0.514773 0.031281 0.035616
2 0.325199 0.354629 0.014398 0.059392
2 0.307818 0.487189 0.028745 0.045916
2 0.341812 0.666514 0.021129 0.047097
2 0.236551 0.509844 0.029177 0.045831
2 0.315575 0.410896 0.017920 0.057806
7 0.657582 0.930971 0.080089 0.137125
2 0.400328 0.632149 0.018542 0.032907
2 0.385367 0.528734 0.015684 0.028029
2 0.341838 0.197797 0.012540 0.051046
2 0.323324 0.309906 0.013063 0.061271
2 0.576085 0.479197 0.033675 0.039136
2 0.214882 0.765432 0.018458 0.055279
2 0.496312 0.435641 0.023274 0.048830
2 0.350867 0.582766 0.018434 0.033771
2 0.544474 0.484157 0.017565 0.034675
2 0.343673 0.351690 0.009459 0.048074
2 0.592354 0.659835 0.016398 0.053231
2 0.314787 0.189319 0.013510 0.036228
2 0.351262 0.700610 0.025505 0.056698
2 0.316860 0.264862 0.012496 0.058840
2 0.553334 0.577236 0.017101 0.044901
2 0.026057 0.490826 0.033778 0.027063
2 0.750278 0.454499 0.020162 0.032532
2 0.518360 0.449783 0.018388 0.032020
2 0.463437 0.762892 0.019518 0.044308
2 0.724326 0.455348 0.019597 0.035147
2 0.374039 0.233102 0.013865 0.058782
2 0.473577 0.521845 0.011894 0.043667
2 0.399323 0.743136 0.020911 0.028826
2 0.401992 0.247790 0.012990 0.040356
2 0.175214 0.482943 0.030903 0.035755
2 0.375257 0.694681 0.014622 0.029557
2 0.616732 0.554997 0.023173 0.036630
2 0.502935 0.526829 0.019592 0.051195
2 0.335755 0.599584 0.019054 0.037514
2 0.442385 0.458848 0.010991 0.024670
2 0.392992 0.280705 0.010287 0.028900
2 0.643271 0.470556 0.024133 0.031264
2 0.460546 0.264836 0.057469 0.107976
2 0.609048 0.907560 0.012235 0.018068
2 0.603712 0.601897 0.012461 0.041891
2 0.870051 0.948558 0.028980 0.030230
2 0.790396 0.451728 0.017568 0.025381
2 0.502044 0.917556 0.027405 0.034677
2 0.586231 0.607913 0.023662 0.060432
2 0.535665 0.614477 0.016710 0.041871
2 0.729902 0.576449 0.054199 0.031235
2 0.281629 0.201681 0.012155 0.021416
2 0.309535 0.565889 0.012032 0.022567
2 0.137528 0.482758 0.018819 0.025308
2 0.321979 0.532911 0.011984 0.020817
2 0.388229 0.695654 0.016402 0.037902
2 0.174476 0.659928 0.033802 0.052236
2 0.281542 0.514491 0.012377 0.018863
2 0.459362 0.582025 0.020914 0.047667
2 0.381251 0.745632 0.019870 0.030851
2 0.308197 0.139081 0.011056 0.020012
2 0.603189 0.987571 0.013564 0.025219
2 0.805205 0.778380 0.017716 0.048111
