0 0.464854 0.419338 0.008664 0.024961
0 0.538591 0.560809 0.006704 0.023972
0 0.377652 0.581606 0.006350 0.021922
0 0.459311 0.661102 0.005008 0.022453
0 0.550408 0.439895 0.005734 0.022683
0 0.461566 0.423346 0.005003 0.021174
0 0.294406 0.540588 0.004333 0.019315
0 0.616365 0.592471 0.006798 0.026503
0 0.341353 0.411023 0.006576 0.021445
0 0.468062 0.801777 0.004844 0.022239
0 0.574074 0.436627 0.005015 0.019509
0 0.473125 0.815807 0.005138 0.019167
0 0.660492 0.573080 0.005897 0.026688
0 0.563350 0.431750 0.007261 0.020682
0 0.489790 0.800202 0.004793 0.020998
0 0.654436 0.559561 0.009026 0.031186
0 0.435319 0.689799 0.005549 0.019238
0 0.725330 0.412119 0.006605 0.023126
0 0.709230 0.550608 0.005225 0.027611
0 0.416780 0.408344 0.008135 0.026722
0 0.557080 0.417485 0.004780 0.018135
0 0.530434 0.477851 0.005965 0.020157
0 0.591958 0.697607 0.006795 0.023803
0 0.371528 0.638530 0.007227 0.024609
0 0.188700 0.621714 0.003610 0.015127
0 0.575666 0.801446 0.004348 0.017867
0 0.509637 0.851864 0.005258 0.022086
0 0.457725 0.714990 0.005142 0.024385
0 0.496770 0.789144 0.006755 0.019011
0 0.705018 0.768802 0.006118 0.026312
0 0.360777 0.364456 0.005477 0.019768
0 0.681341 0.544678 0.010070 0.032854
0 0.415340 0.666564 0.006252 0.021374
0 0.696636 0.426079 0.005214 0.017636
0 0.408845 0.690467 0.007263 0.029991
0 0.398193 0.671208 0.006124 0.026400
0 0.387593 0.385378 0.006592 0.020569
0 0.449019 0.769030 0.004701 0.019168
0 0.502823 0.705061 0.007825 0.028779
0 0.546219 0.846731 0.005123 0.019050
0 0.557612 0.520249 0.005988 0.020504
0 0.697539 0.548699 0.009007 0.032773
0 0.711831 0.411831 0.007103 0.024974
0 0.418698 0.683525 0.005536 0.020545
0 0.870274 0.537481 0.006929 0.026648
0 0.566193 0.697688 0.008322 0.022408
0 0.566355 0.431680 0.004572 0.020691
0 0.554907 0.491860 0.008128 0.028496
0 0.467612 0.443093 0.009581 0.023724
0 0.435483 0.660116 0.009035 0.022455
0 0.593675 0.881177 0.004571 0.017479
0 0.710068 0.760912 0.008247 0.031862
0 0.346728 0.726875 0.003837 0.012895
0 0.703411 0.404941 0.007288 0.016500
0 0.787301 0.546490 0.009221 0.024417
0 0.592587 0.870488 0.006294 0.018384
0 0.730820 0.778818 0.005723 0.024859
2 0.501800 0.917081 0.026951 0.035125
2 0.302150 0.492696 0.029437 0.044748
2 0.520341 0.440144 0.022344 0.050098
2 0.497095 0.513441 0.020070 0.050193
3 0.277066 0.532373 0.016950 0.020414
3 0.308219 0.139072 0.010490 0.020181
3 0.323009 0.562946 0.012132 0.023248
3 0.281422 0.201116 0.012175 0.022082
2 0.341937 0.666175 0.020493 0.046976
2 0.779240 0.452648 0.029971 0.029755
3 0.744676 0.454558 0.021519 0.033880
2 0.214729 0.764984 0.017817 0.055943
2 0.570233 0.481833 0.035441 0.042666
3 0.616404 0.553098 0.022494 0.034080
3 0.803232 0.763877 0.018411 0.022363
3 0.603636 0.601323 0.012327 0.041193
3 0.435745 0.447205 0.010200 0.025405
3 0.775959 0.769615 0.013169 0.020261
3 0.510486 0.420238 0.012986 0.020877
2 0.496539 0.435578 0.025010 0.048371
2 0.591630 0.659393 0.015114 0.054091
3 0.270816 0.512586 0.012396 0.014940
3 0.595943 0.448851 0.008282 0.030367
3 0.716811 0.457135 0.019289 0.037764
2 0.870175 0.947645 0.029524 0.029696
3 0.390315 0.537422 0.015803 0.028727
3 0.375291 0.693248 0.015038 0.027757
3 0.552231 0.574706 0.015124 0.034303
3 0.254367 0.480982 0.020233 0.018167
3 0.451484 0.555341 0.015076 0.025823
3 0.315497 0.400961 0.017202 0.036525
3 0.557232 0.604863 0.007553 0.024849
3 0.022007 0.491691 0.025237 0.023191
2 0.184971 0.514026 0.031294 0.033768
2 0.230671 0.515960 0.030444 0.033216
3 0.540883 0.482499 0.017193 0.028563
3 0.457849 0.636372 0.009771 0.023550
3 0.854650 0.758051 0.013344 0.016189
3 0.472322 0.514310 0.012227 0.042178
3 0.120057 0.511552 0.014047 0.017658
2 0.206981 0.686731 0.027065 0.031984
3 0.566193 0.698387 0.008322 0.024272
3 0.725358 0.428934 0.012372 0.021171
3 0.466800 0.442469 0.011292 0.024972
3 0.313915 0.536393 0.011863 0.020692
3 0.742581 0.461843 0.015678 0.018741
3 0.435213 0.446474 0.011264 0.027037
3 0.681395 0.545492 0.010291 0.034483
3 0.340109 0.316383 0.005850 0.029013
3 0.416903 0.408404 0.007890 0.024798
3 0.338208 0.254980 0.005915 0.017466
3 0.502823 0.705302 0.007825 0.029246
3 0.746182 0.411580 0.011391 0.017451
3 0.668785 0.568294 0.009815 0.023968
3 0.195095 0.579585 0.014278 0.022154
3 0.768912 0.550263 0.011798 0.023473
3 0.586310 0.742662 0.010967 0.027993
3 0.719449 0.510112 0.014172 0.023995
3 0.371528 0.638530 0.007227 0.024609
3 0.186601 0.615200 0.021916 0.024319
3 0.788128 0.545183 0.009906 0.025058
3 0.235660 0.494828 0.013525 0.018360
3 0.557155 0.605056 0.007708 0.025236
3 0.562101 0.620110 0.006721 0.023107
3 0.746679 0.510707 0.013911 0.021096
3 0.125462 0.592985 0.011808 0.023292
3 0.582885 0.891532 0.006999 0.018478
3 0.455291 0.714999 0.010384 0.024642
3 0.457849 0.636372 0.009771 0.023550
3 0.730974 0.546819 0.016059 0.022892
3 0.285352 0.178562 0.005080 0.011760
3 0.323591 0.562339 0.013296 0.024462
3 0.702334 0.416519 0.008991 0.016569
3 0.695723 0.540753 0.010261 0.021355
3 0.582423 0.544822 0.005963 0.014993
3 0.594019 0.910359 0.008179 0.019371
3 0.338047 0.270495 0.006528 0.024104
3 0.769711 0.460834 0.010931 0.013273
3 0.567083 0.535096 0.009931 0.021377
3 0.684387 0.564057 0.009576 0.014998
3 0.638386 0.591922 0.013216 0.022537
3 0.181812 0.613599 0.014772 0.026350
3 0.461881 0.746612 0.011375 0.014246
3 0.308227 0.139072 0.010473 0.020181
3 0.779283 0.424400 0.010863 0.012905
3 0.816245 0.542037 0.007508 0.024648
3 0.340977 0.410760 0.005265 0.020918
3 0.538853 0.559662 0.005968 0.021432
5 0.323514 0.309550 0.012517 0.061107
5 0.657389 0.931091 0.079629 0.137513
5 0.302134 0.492831 0.026887 0.045475
5 0.230101 0.517661 0.027556 0.027051
5 0.322317 0.809806 0.111301 0.065575
5 0.316932 0.253975 0.012289 0.037169
5 0.441451 0.530730 0.053381 0.096211
5 0.185147 0.515186 0.030930 0.034680
5 0.342118 0.666418 0.020131 0.046489
5 0.315404 0.410414 0.018069 0.057812
5 0.616800 0.554706 0.022598 0.037002
5 0.373132 0.214999 0.014062 0.054239
2 0.302150 0.492690 0.029437 0.045434
2 0.325283 0.353491 0.014735 0.059457
2 0.231045 0.508952 0.031192 0.047233
2 0.185001 0.514828 0.031355 0.035373
2 0.341971 0.666149 0.020562 0.046925
2 0.570314 0.481206 0.035340 0.041446
2 0.390277 0.544351 0.015892 0.043371
2 0.323228 0.309476 0.013090 0.060898
2 0.389371 0.267243 0.012641 0.039567
2 0.400265 0.631991 0.018368 0.032614
2 0.358287 0.585127 0.018229 0.034032
2 0.533167 0.608216 0.016913 0.041928
2 0.214729 0.764861 0.017817 0.055698
2 0.342179 0.210366 0.012485 0.051195
2 0.497068 0.513200 0.020258 0.050111
2 0.716879 0.456428 0.019378 0.036349
2 0.335851 0.598754 0.019101 0.036859
2 0.496539 0.435344 0.025010 0.048839
2 0.657389 0.930919 0.079629 0.137169
2 0.373132 0.214980 0.014062 0.054202
2 0.343792 0.360278 0.009467 0.048619
2 0.314724 0.188534 0.013496 0.036557
2 0.315409 0.410264 0.018060 0.057513
2 0.402277 0.247772 0.013453 0.038830
2 0.351680 0.699153 0.025124 0.056435
2 0.591873 0.659580 0.015600 0.054466
2 0.316916 0.253975 0.012321 0.037169
2 0.025890 0.490502 0.033616 0.026269
2 0.463696 0.762335 0.019747 0.043877
2 0.744476 0.454504 0.020980 0.033771
2 0.520341 0.440270 0.022344 0.050351
2 0.375291 0.693248 0.015038 0.027757
2 0.399272 0.742917 0.021115 0.029490
2 0.093223 0.596529 0.031334 0.033168
2 0.552177 0.574905 0.015314 0.034907
2 0.603636 0.601360 0.012327 0.041524
2 0.540123 0.487080 0.016878 0.034309
2 0.616655 0.554633 0.022995 0.037148
2 0.780571 0.452568 0.027412 0.029281
2 0.435745 0.447205 0.010200 0.025405
2 0.586193 0.594461 0.016877 0.033204
2 0.209861 0.664066 0.047707 0.072678
2 0.472303 0.514148 0.012265 0.042501
2 0.269502 0.555618 0.020534 0.033256
2 0.139707 0.483925 0.022136 0.026630
2 0.322973 0.562946 0.012060 0.023248
2 0.634538 0.470690 0.022503 0.033435
2 0.255603 0.487534 0.022757 0.032209
2 0.501778 0.917081 0.026907 0.035125
2 0.281422 0.201116 0.012175 0.022082
2 0.591555 0.810149 0.015492 0.039359
2 0.609053 0.907181 0.012262 0.017900
2 0.568174 0.301006 0.055075 0.066760
2 0.870175 0.947645 0.029524 0.029696
2 0.178813 0.474961 0.022190 0.019861
2 0.402410 0.340321 0.008158 0.024483
2 0.313915 0.535992 0.011863 0.019761
2 0.308227 0.139072 0.010473 0.020181
2 0.282777 0.069817 0.008364 0.034694
2 0.918774 0.321279 0.088510 0.062926
2 0.458672 0.249512 0.061673 0.140964
2 0.631124 0.276249 0.024994 0.040785
2 0.434514 0.897032 0.038705 0.059079
2 0.804200 0.778240 0.018055 0.049322
2 0.381283 0.745448 0.019936 0.031486
2 0.571662 0.623057 0.009802 0.030107
2 0.510631 0.098543 0.042711 0.077022
