0 0.379654 0.584572 0.005159 0.023092
0 0.456807 0.660748 0.005518 0.022373
0 0.340233 0.401881 0.005356 0.022574
0 0.678194 0.547275 0.008239 0.031537
0 0.501828 0.687681 0.006187 0.028470
0 0.297452 0.542839 0.003838 0.018653
0 0.660338 0.572936 0.006154 0.027033
0 0.578228 0.436029 0.005363 0.019624
0 0.553562 0.440967 0.005221 0.021407
0 0.531243 0.481181 0.005689 0.018895
0 0.415009 0.407639 0.006706 0.035526
0 0.371811 0.637960 0.007221 0.024327
0 0.540421 0.565747 0.007609 0.022768
0 0.725427 0.412296 0.006592 0.022544
0 0.616159 0.590804 0.006892 0.025695
0 0.188702 0.621687 0.004102 0.015436
0 0.433341 0.684610 0.005498 0.021414
0 0.457516 0.714822 0.005601 0.025122
0 0.464390 0.426879 0.007561 0.025950
0 0.568092 0.723587 0.007272 0.026292
0 0.410030 0.664436 0.004350 0.017512
0 0.650649 0.561891 0.009464 0.032062
0 0.692870 0.541833 0.008109 0.022291
0 0.557766 0.521502 0.005434 0.018522
0 0.696645 0.426221 0.005246 0.018285
0 0.418987 0.683762 0.004900 0.020202
0 0.711566 0.412712 0.006547 0.024826
0 0.593732 0.880900 0.006380 0.029668
0 0.709719 0.551112 0.005605 0.026876
0 0.468404 0.423966 0.004777 0.020735
0 0.387875 0.387491 0.005649 0.018960
0 0.557117 0.417551 0.003957 0.017483
0 0.651770 0.564598 0.007349 0.023864
0 0.491191 0.805489 0.005617 0.018843
0 0.591032 0.699723 0.004809 0.017838
0 0.598355 0.885248 0.003754 0.019275
0 0.870309 0.537850 0.007148 0.026325
0 0.562049 0.432732 0.004655 0.019257
0 0.322558 0.218037 0.005561 0.019962
0 0.448451 0.769629 0.004419 0.019814
0 0.698344 0.551238 0.007204 0.021387
0 0.584238 0.897224 0.008006 0.024374
0 0.496794 0.788835 0.006715 0.018344
0 0.428883 0.607988 0.006895 0.022193
0 0.564252 0.482108 0.005210 0.018510
0 0.566348 0.432323 0.004040 0.020775
0 0.705183 0.768891 0.006031 0.026154
0 0.412192 0.364011 0.008066 0.023667
0 0.594067 0.913194 0.007423 0.020152
0 0.709992 0.762492 0.007492 0.027898
0 0.584358 0.753187 0.005194 0.017754
0 0.787628 0.546618 0.009419 0.024373
0 0.397595 0.691766 0.005966 0.031312
0 0.178618 0.616584 0.005308 0.019675
0 0.692121 0.417915 0.005919 0.024572
0 0.357227 0.334959 0.004106 0.011875
0 0.357913 0.349124 0.006015 0.022232
2 0.501764 0.917361 0.027746 0.034394
2 0.578877 0.479110 0.032482 0.039232
3 0.303467 0.565863 0.012640 0.020194
3 0.546237 0.482925 0.017162 0.035248
3 0.474057 0.524799 0.011961 0.043829
3 0.775310 0.460530 0.012526 0.014145
2 0.341859 0.666541 0.020813 0.046929
3 0.275317 0.531366 0.019881 0.022742
2 0.311077 0.482810 0.027317 0.042907
3 0.668999 0.567865 0.010200 0.022317
3 0.286334 0.514400 0.012366 0.019618
3 0.281645 0.201248 0.012186 0.020171
3 0.308200 0.139561 0.011025 0.020561
2 0.616951 0.554799 0.022855 0.036375
3 0.506215 0.523972 0.017103 0.033695
3 0.727407 0.464942 0.013500 0.017338
2 0.591874 0.659955 0.015306 0.053768
3 0.752695 0.452451 0.018887 0.030714
2 0.214887 0.765586 0.018581 0.055951
3 0.241478 0.556100 0.013242 0.018120
3 0.392757 0.283312 0.012017 0.038272
2 0.027002 0.492059 0.035317 0.024766
3 0.445707 0.463628 0.010745 0.024146
2 0.870116 0.948652 0.028944 0.030382
3 0.775645 0.769856 0.013287 0.019089
3 0.519091 0.442574 0.016276 0.019904
3 0.602474 0.440055 0.016898 0.016372
3 0.768457 0.549177 0.010726 0.020163
3 0.701546 0.511196 0.018100 0.024697
3 0.255285 0.485569 0.022569 0.028985
3 0.383306 0.524592 0.015459 0.027574
3 0.536921 0.612042 0.015773 0.031788
3 0.313275 0.427923 0.012899 0.023921
3 0.140997 0.661813 0.008995 0.011623
3 0.603731 0.601880 0.012440 0.041418
3 0.608936 0.907897 0.012275 0.018432
3 0.795035 0.451311 0.018117 0.024038
3 0.609046 0.585446 0.021033 0.015237
3 0.775332 0.460535 0.012569 0.014137
3 0.722151 0.429457 0.012784 0.016387
3 0.445707 0.463628 0.010745 0.024146
3 0.508544 0.848031 0.005624 0.017038
3 0.729922 0.515243 0.014246 0.020355
3 0.341083 0.295756 0.006176 0.028295
3 0.768430 0.550222 0.010897 0.022473
3 0.412738 0.365214 0.009158 0.027460
3 0.594067 0.913194 0.007423 0.020152
3 0.584238 0.897294 0.008006 0.024514
3 0.702114 0.513295 0.014775 0.023504
3 0.746254 0.412004 0.011297 0.017411
3 0.824777 0.498923 0.014304 0.023726
3 0.568092 0.723587 0.007272 0.026292
3 0.325684 0.531106 0.012070 0.021080
3 0.788078 0.545773 0.009657 0.024286
3 0.372036 0.638936 0.005606 0.022618
3 0.186835 0.615009 0.021920 0.023972
3 0.286334 0.514392 0.012366 0.019602
3 0.357882 0.345493 0.006075 0.029496
3 0.974510 0.448899 0.013740 0.017017
3 0.447277 0.624770 0.010191 0.021594
3 0.428883 0.607988 0.006895 0.022193
3 0.454773 0.715412 0.011643 0.024918
3 0.285377 0.179191 0.004894 0.012252
3 0.677687 0.551316 0.007088 0.023668
3 0.553329 0.625634 0.005617 0.017898
3 0.501958 0.690319 0.005742 0.023925
3 0.303467 0.565277 0.012640 0.018672
3 0.683780 0.562163 0.010626 0.020277
3 0.692870 0.541833 0.008109 0.022291
3 0.176633 0.578684 0.013654 0.021531
3 0.484928 0.855630 0.008492 0.021713
3 0.739871 0.529762 0.013280 0.019966
3 0.794053 0.435940 0.011125 0.012192
3 0.881952 0.439358 0.011878 0.021779
3 0.163718 0.495268 0.013430 0.028424
3 0.238564 0.495879 0.011788 0.017842
3 0.182117 0.615678 0.012195 0.021569
3 0.297309 0.545617 0.003338 0.012889
3 0.118610 0.584515 0.012693 0.025779
3 0.651565 0.563847 0.007633 0.025057
3 0.702042 0.416969 0.008685 0.017566
3 0.582311 0.545390 0.005668 0.014204
3 0.726937 0.466279 0.011616 0.013413
3 0.867816 0.501067 0.013767 0.020945
3 0.130182 0.526188 0.011736 0.024213
3 0.668999 0.567865 0.010200 0.022317
3 0.801358 0.542912 0.007196 0.025152
3 0.948881 0.542082 0.008906 0.020581
3 0.562871 0.626849 0.006383 0.023492
3 0.890843 0.534523 0.013189 0.023756
3 0.555336 0.615411 0.004868 0.015512
3 0.467441 0.782883 0.011295 0.019957
3 0.780209 0.424879 0.012336 0.013627
3 0.563979 0.432157 0.008146 0.021777
3 0.475609 0.454942 0.009515 0.023200
3 0.816306 0.542462 0.007558 0.024744
3 0.606118 0.720850 0.012177 0.027209
5 0.553981 0.575723 0.017469 0.043500
5 0.441782 0.529567 0.052618 0.092993
5 0.315391 0.411135 0.017907 0.057070
5 0.323622 0.309488 0.012435 0.060599
5 0.616951 0.554799 0.022855 0.036375
5 0.322883 0.809458 0.112433 0.063519
5 0.657703 0.931558 0.078241 0.135664
5 0.347413 0.581739 0.018008 0.033846
5 0.316947 0.253693 0.012111 0.036406
5 0.342147 0.666704 0.020237 0.046604
5 0.546244 0.482925 0.017148 0.035248
2 0.190384 0.514453 0.031533 0.035451
2 0.310972 0.484211 0.027901 0.046957
2 0.238126 0.516457 0.028948 0.031243
2 0.325219 0.354133 0.014310 0.058563
7 0.657547 0.931061 0.080137 0.136903
2 0.341905 0.666536 0.020905 0.046919
2 0.400295 0.632282 0.018701 0.032919
2 0.347413 0.581599 0.018008 0.033565
2 0.383281 0.524739 0.015700 0.028278
2 0.578229 0.479830 0.034510 0.041635
2 0.214887 0.765414 0.018581 0.055608
2 0.495648 0.435941 0.021491 0.048472
2 0.505511 0.532337 0.019372 0.050072
2 0.351514 0.699984 0.025225 0.056540
2 0.546237 0.482835 0.017162 0.035068
2 0.518169 0.449371 0.018592 0.032542
2 0.592349 0.659955 0.016255 0.053768
2 0.323270 0.309488 0.013140 0.060599
2 0.402024 0.248521 0.014368 0.041488
2 0.553833 0.575723 0.017767 0.043500
2 0.316920 0.253693 0.012165 0.036406
2 0.463334 0.765857 0.019511 0.036207
2 0.314810 0.189459 0.013359 0.036304
2 0.342276 0.185105 0.013785 0.042065
2 0.392757 0.283312 0.012017 0.038272
2 0.315397 0.411234 0.017921 0.056873
2 0.335730 0.599723 0.019351 0.038276
2 0.343430 0.347788 0.009818 0.047744
2 0.399491 0.743634 0.021430 0.029893
2 0.457265 0.584364 0.021449 0.045422
2 0.474057 0.524814 0.011961 0.043860
2 0.616936 0.554799 0.022884 0.036375
2 0.374733 0.239106 0.014364 0.057496
2 0.027002 0.491339 0.035317 0.026206
2 0.375237 0.694221 0.014626 0.029289
2 0.271074 0.531807 0.028566 0.023623
2 0.752678 0.453995 0.020519 0.033148
2 0.608936 0.907897 0.012275 0.018432
2 0.646668 0.470440 0.023508 0.030562
2 0.586383 0.594630 0.016794 0.032815
2 0.445707 0.463628 0.010745 0.024146
2 0.255285 0.485707 0.022569 0.029263
2 0.603731 0.601782 0.012440 0.041778
2 0.870116 0.948652 0.028944 0.030382
2 0.501764 0.917361 0.027746 0.034394
2 0.729881 0.576601 0.054322 0.030974
2 0.536921 0.612042 0.015773 0.031788
2 0.286317 0.514479 0.012116 0.019459
2 0.475609 0.454942 0.009515 0.023200
2 0.795035 0.451311 0.018117 0.024038
2 0.281693 0.201248 0.012038 0.020171
2 0.308200 0.139561 0.011025 0.020561
2 0.828203 0.985907 0.021030 0.024762
2 0.805743 0.779045 0.016936 0.047001
2 0.378182 0.747419 0.026425 0.034927
2 0.388279 0.696118 0.016105 0.038523
2 0.137152 0.483276 0.019736 0.026442
2 0.179926 0.474513 0.018755 0.019385
2 0.631080 0.276642 0.022532 0.040418
2 0.603836 0.987523 0.014803 0.025282
2 0.571386 0.623303 0.010438 0.030594
