0 0.464446 0.418600 0.007605 0.026457
0 0.460218 0.658685 0.006483 0.024517
0 0.548313 0.439533 0.006663 0.022106
0 0.467618 0.801549 0.004805 0.022182
0 0.474076 0.816009 0.006005 0.021371
0 0.489477 0.799474 0.004807 0.019959
0 0.340965 0.411692 0.006714 0.022935
0 0.378375 0.580327 0.005007 0.022856
0 0.538181 0.558091 0.006757 0.021895
0 0.417575 0.408839 0.008196 0.023578
0 0.461298 0.421598 0.004971 0.019024
0 0.616615 0.592786 0.006901 0.026537
0 0.725275 0.411961 0.006510 0.023375
0 0.436761 0.690576 0.005433 0.020556
0 0.437396 0.661589 0.006444 0.022436
0 0.592102 0.700023 0.005011 0.019812
0 0.293511 0.539407 0.004760 0.018633
0 0.503331 0.711780 0.006628 0.028874
0 0.415186 0.406407 0.004735 0.019655
0 0.565730 0.690328 0.007403 0.025163
0 0.660566 0.572719 0.006251 0.026554
0 0.563276 0.431591 0.007198 0.020732
0 0.509992 0.856344 0.005541 0.019091
0 0.572201 0.437050 0.005082 0.017962
0 0.418876 0.683447 0.005298 0.020217
0 0.556645 0.417262 0.004199 0.017078
0 0.496822 0.789005 0.006664 0.019031
0 0.696475 0.425505 0.005779 0.018579
0 0.590028 0.725373 0.005608 0.019031
0 0.449371 0.769224 0.004255 0.018319
0 0.371470 0.638279 0.006861 0.024711
0 0.432144 0.440911 0.009957 0.024309
0 0.711738 0.411572 0.006612 0.024787
0 0.408522 0.690676 0.007537 0.030163
0 0.709333 0.550093 0.005531 0.028023
0 0.415664 0.667388 0.004787 0.017955
0 0.464687 0.439120 0.009653 0.022618
0 0.530311 0.477321 0.006275 0.019768
0 0.703488 0.404437 0.007417 0.016122
0 0.705062 0.768670 0.006185 0.025868
0 0.361086 0.370060 0.004838 0.018942
0 0.457764 0.714854 0.005245 0.024451
0 0.188618 0.621782 0.003682 0.014544
0 0.387314 0.385153 0.007291 0.019431
0 0.397566 0.672095 0.006298 0.030152
0 0.691733 0.414568 0.007081 0.026511
0 0.346806 0.726557 0.003797 0.013115
0 0.870160 0.537256 0.006967 0.026187
0 0.237091 0.567121 0.007137 0.024879
0 0.589087 0.747172 0.007104 0.025917
0 0.756200 0.739948 0.005965 0.018964
0 0.591988 0.870259 0.005699 0.018202
0 0.787282 0.546769 0.009444 0.023818
0 0.484826 0.855404 0.008465 0.021614
0 0.546112 0.845929 0.005163 0.018680
0 0.654210 0.553288 0.006652 0.019008
2 0.299261 0.493857 0.030756 0.044780
2 0.501783 0.917227 0.026829 0.035335
3 0.308063 0.139131 0.010766 0.020916
3 0.276350 0.530116 0.023111 0.024971
3 0.603499 0.601376 0.012318 0.040958
3 0.266334 0.511125 0.012200 0.014354
3 0.255562 0.486002 0.022643 0.028524
3 0.281525 0.200385 0.011921 0.020509
2 0.341779 0.665956 0.020965 0.047357
3 0.518307 0.447956 0.018274 0.034645
2 0.214576 0.764862 0.017363 0.056464
3 0.803185 0.763585 0.017938 0.021046
3 0.780073 0.451436 0.022587 0.024507
2 0.870178 0.946946 0.029598 0.030105
3 0.713990 0.454797 0.019619 0.031949
3 0.775827 0.769564 0.013161 0.020947
3 0.768334 0.460476 0.010991 0.014241
3 0.329485 0.561227 0.012545 0.023232
3 0.552001 0.575248 0.015864 0.034635
2 0.591493 0.658779 0.014998 0.053430
2 0.183147 0.513236 0.031758 0.033646
3 0.460694 0.638220 0.009605 0.021348
3 0.117925 0.511521 0.015884 0.020218
3 0.741629 0.454684 0.020389 0.033272
2 0.568234 0.482590 0.036245 0.044469
3 0.375339 0.693354 0.015013 0.028474
3 0.494423 0.441540 0.020590 0.030598
3 0.538686 0.482540 0.016098 0.022270
2 0.616670 0.554493 0.022682 0.037518
3 0.723915 0.509247 0.013627 0.022618
3 0.557937 0.600752 0.007489 0.024329
3 0.854590 0.757767 0.013221 0.016381
3 0.601054 0.448576 0.018853 0.031372
2 0.228316 0.514077 0.029716 0.030440
2 0.095763 0.595893 0.030401 0.032491
3 0.697546 0.545605 0.010617 0.032946
3 0.726305 0.429916 0.011827 0.023237
3 0.464413 0.439120 0.010337 0.022618
3 0.417362 0.409432 0.009087 0.022043
3 0.432448 0.441871 0.010567 0.026229
3 0.339551 0.323073 0.006026 0.029393
3 0.746342 0.410902 0.011601 0.017653
3 0.565730 0.690328 0.007403 0.025163
3 0.329641 0.561114 0.012634 0.023530
3 0.768283 0.548975 0.010836 0.021403
3 0.338323 0.270514 0.006771 0.034340
3 0.309834 0.537032 0.012252 0.021299
3 0.338338 0.277485 0.006366 0.023049
3 0.586494 0.744664 0.012290 0.030934
3 0.371986 0.638486 0.005641 0.023378
3 0.668678 0.567208 0.010253 0.022365
3 0.285510 0.178557 0.004715 0.012413
3 0.702300 0.416297 0.008959 0.016716
3 0.724908 0.509279 0.014669 0.022463
3 0.455089 0.714859 0.010774 0.024293
3 0.186355 0.615374 0.021479 0.023764
3 0.681621 0.546632 0.010640 0.033160
3 0.593517 0.881229 0.003861 0.013692
3 0.582406 0.544590 0.005949 0.015019
3 0.484826 0.855404 0.008465 0.021614
3 0.616542 0.592786 0.006753 0.026537
3 0.638526 0.590555 0.014130 0.024124
3 0.439183 0.627464 0.009657 0.021619
3 0.461933 0.746736 0.011217 0.013318
3 0.788339 0.544491 0.010346 0.024148
3 0.530311 0.477321 0.006275 0.019768
3 0.731182 0.546870 0.017599 0.023305
3 0.753675 0.510582 0.013991 0.019579
3 0.509992 0.856344 0.005541 0.019091
3 0.711260 0.415168 0.005322 0.018112
3 0.655671 0.556936 0.009531 0.025989
3 0.683277 0.561314 0.012078 0.019774
3 0.696475 0.425505 0.005779 0.018579
3 0.725275 0.411961 0.006510 0.023375
3 0.504164 0.424467 0.010420 0.020694
3 0.556251 0.419677 0.003579 0.012793
3 0.582601 0.889342 0.006860 0.017395
3 0.567297 0.534678 0.009646 0.021133
3 0.708015 0.470327 0.011046 0.014750
3 0.538248 0.557857 0.006702 0.021184
3 0.563389 0.431807 0.007253 0.020974
3 0.503336 0.712738 0.005862 0.025111
5 0.323568 0.309521 0.012637 0.061079
5 0.441520 0.529071 0.053750 0.092814
5 0.372352 0.207145 0.014482 0.055957
5 0.315446 0.410760 0.017568 0.057303
5 0.657150 0.931105 0.079310 0.137004
5 0.616747 0.554721 0.022478 0.037062
5 0.299207 0.494640 0.027173 0.043213
5 0.314840 0.188651 0.013607 0.036676
5 0.183573 0.515379 0.031223 0.034837
5 0.502265 0.917230 0.025669 0.035011
5 0.832280 0.844871 0.034660 0.030934
2 0.341779 0.665930 0.020965 0.047305
2 0.228600 0.508182 0.030283 0.045469
2 0.299261 0.493934 0.030756 0.044625
2 0.325262 0.355368 0.014537 0.063708
2 0.183086 0.498584 0.032608 0.068294
2 0.568234 0.482590 0.036245 0.044469
2 0.323292 0.309505 0.013188 0.061047
2 0.657150 0.931020 0.079310 0.136835
2 0.518399 0.449507 0.018963 0.031766
2 0.400208 0.631848 0.018258 0.032428
2 0.214576 0.764643 0.017363 0.056027
2 0.591820 0.658800 0.015652 0.053471
2 0.342506 0.217574 0.012653 0.050900
2 0.335695 0.598799 0.019572 0.037438
2 0.344034 0.364435 0.009687 0.047347
2 0.361728 0.586556 0.017949 0.034633
2 0.392896 0.541707 0.015574 0.028480
2 0.495460 0.443887 0.018628 0.030948
2 0.538065 0.487906 0.017491 0.033809
2 0.501734 0.917227 0.026731 0.035335
2 0.463275 0.765377 0.018711 0.036345
2 0.316891 0.254117 0.012385 0.038059
2 0.372385 0.207149 0.014417 0.055509
2 0.387686 0.260897 0.012314 0.034460
2 0.375339 0.693354 0.015013 0.028474
2 0.314823 0.188651 0.013641 0.036676
2 0.351896 0.698652 0.024684 0.056190
2 0.398986 0.742683 0.020832 0.028987
2 0.494383 0.507832 0.019640 0.050288
2 0.095763 0.595882 0.030401 0.032513
2 0.551524 0.582061 0.017152 0.048484
2 0.532254 0.606280 0.016592 0.041875
2 0.209861 0.661205 0.048977 0.066655
2 0.401768 0.246215 0.012502 0.037828
2 0.315322 0.401395 0.018015 0.038756
2 0.616670 0.554493 0.022682 0.037518
2 0.741629 0.454684 0.020389 0.033272
2 0.026228 0.490703 0.034308 0.025921
2 0.713476 0.457100 0.020647 0.039998
2 0.460172 0.264363 0.056865 0.108616
2 0.603499 0.601366 0.012318 0.041334
2 0.628776 0.471288 0.027384 0.032368
2 0.870178 0.946946 0.029598 0.030105
2 0.471384 0.510372 0.013403 0.043319
2 0.460694 0.638220 0.009605 0.021348
2 0.329512 0.561020 0.012490 0.022818
2 0.777407 0.453634 0.029353 0.028789
2 0.803818 0.778437 0.017729 0.049399
2 0.586121 0.594060 0.016705 0.032788
2 0.381323 0.745051 0.019673 0.031100
2 0.510468 0.098676 0.042807 0.076954
2 0.282667 0.069809 0.008601 0.034497
2 0.255597 0.486002 0.022573 0.028524
2 0.571615 0.622876 0.009937 0.030070
2 0.178886 0.482678 0.022783 0.036215
2 0.568141 0.300824 0.055199 0.065295
2 0.387992 0.695607 0.015527 0.038578
2 0.854691 0.774465 0.014257 0.049891
2 0.281525 0.200385 0.011921 0.020509
2 0.608987 0.907285 0.012128 0.018595
2 0.277291 0.531586 0.016819 0.020766
2 0.456346 0.198393 0.020591 0.044456
2 0.729922 0.576085 0.052480 0.031432
2 0.593478 0.360212 0.013354 0.044838
2 0.746499 0.951643 0.015442 0.050955
