0 0.299474 0.544352 0.004979 0.019076
0 0.380466 0.587487 0.004480 0.023248
0 0.412242 0.414830 0.005997 0.023897
0 0.676156 0.548038 0.007590 0.029488
0 0.648622 0.563212 0.010088 0.030262
0 0.660578 0.572722 0.006362 0.027549
0 0.371768 0.637968 0.007432 0.023761
0 0.455716 0.659849 0.005770 0.022452
0 0.557918 0.521293 0.005474 0.018786
0 0.616517 0.590245 0.006955 0.025976
0 0.188856 0.621955 0.004001 0.015103
0 0.531781 0.483883 0.006519 0.021878
0 0.466572 0.428281 0.009914 0.024831
0 0.340619 0.396846 0.005928 0.024081
0 0.556008 0.440789 0.004978 0.020772
0 0.580878 0.434674 0.005752 0.018999
0 0.463960 0.432319 0.005011 0.021779
0 0.491792 0.808303 0.005603 0.021205
0 0.457564 0.714921 0.005584 0.025146
0 0.541010 0.570301 0.006426 0.021813
0 0.696727 0.426594 0.005284 0.017704
0 0.416118 0.396781 0.004426 0.019431
0 0.562164 0.432589 0.005191 0.019572
0 0.418915 0.683647 0.004596 0.019925
0 0.432606 0.681457 0.006514 0.021458
0 0.501973 0.676794 0.006914 0.027254
0 0.884952 0.427322 0.009770 0.019177
0 0.647034 0.557240 0.005068 0.017352
0 0.355613 0.334156 0.005945 0.021935
0 0.575990 0.837061 0.005841 0.021834
0 0.725471 0.412323 0.006526 0.022694
0 0.329776 0.529059 0.006948 0.019972
0 0.496784 0.789070 0.006752 0.018492
0 0.387131 0.387534 0.007074 0.019185
0 0.591159 0.734709 0.005411 0.022487
0 0.484837 0.925720 0.004113 0.016250
0 0.590513 0.698601 0.004704 0.018664
0 0.418750 0.378264 0.006647 0.024651
0 0.557199 0.417393 0.004412 0.017647
0 0.870298 0.537951 0.006838 0.025572
0 0.508011 0.842221 0.005724 0.020342
0 0.322864 0.221878 0.005310 0.020304
0 0.180527 0.614240 0.009364 0.026124
0 0.705181 0.768395 0.005961 0.025235
0 0.154343 0.474463 0.005019 0.022291
0 0.341125 0.272997 0.005003 0.014567
0 0.551753 0.634460 0.006960 0.023239
0 0.566443 0.432032 0.003887 0.020454
0 0.408666 0.662593 0.005823 0.018213
0 0.568423 0.741466 0.008267 0.026289
0 0.709849 0.550637 0.005732 0.026585
0 0.552850 0.899830 0.007142 0.022955
0 0.698464 0.550721 0.006447 0.018715
0 0.570640 0.558833 0.005037 0.019904
0 0.584623 0.903599 0.007226 0.022553
0 0.585029 0.759197 0.004445 0.015862
0 0.355281 0.322676 0.005549 0.018130
0 0.594830 0.916376 0.008024 0.019311
0 0.800154 0.543914 0.004275 0.023109
0 0.003017 0.629183 0.005670 0.023948
0 0.711328 0.758969 0.005912 0.025529
0 0.447285 0.769326 0.004488 0.020514
0 0.237153 0.571353 0.006638 0.021072
0 0.711723 0.412610 0.006841 0.024699
0 0.792043 0.540755 0.005146 0.018111
0 0.398049 0.696128 0.005493 0.023870
0 0.248193 0.572414 0.004946 0.013319
0 0.598409 0.891030 0.003719 0.020136
0 0.583432 0.722448 0.008644 0.025730
0 0.546277 0.847712 0.005040 0.018190
0 0.556161 0.843764 0.004135 0.019544
0 0.736209 0.529372 0.008061 0.018935
2 0.502190 0.917368 0.027556 0.034341
3 0.295693 0.515235 0.012742 0.019728
3 0.779847 0.460713 0.013870 0.016480
3 0.550820 0.480338 0.017229 0.034873
3 0.291733 0.567713 0.012378 0.019860
3 0.518009 0.449404 0.018169 0.033051
3 0.308235 0.139619 0.010981 0.020501
3 0.495580 0.443844 0.020119 0.030140
3 0.275156 0.532513 0.020641 0.020705
3 0.474980 0.532873 0.011655 0.043485
3 0.511532 0.536414 0.016859 0.033136
3 0.452059 0.472784 0.011068 0.023883
3 0.281828 0.201618 0.011869 0.020374
3 0.329767 0.597487 0.007032 0.032184
3 0.236729 0.555440 0.014376 0.016255
2 0.342295 0.666769 0.020121 0.046343
2 0.316659 0.477772 0.027297 0.047551
3 0.601338 0.447356 0.018896 0.029362
3 0.539721 0.618225 0.015107 0.031202
3 0.140848 0.528594 0.013344 0.013384
2 0.215006 0.765525 0.018378 0.055645
3 0.768482 0.549368 0.010678 0.020493
3 0.164296 0.574041 0.014066 0.012516
3 0.616506 0.553005 0.021720 0.032855
3 0.736008 0.465960 0.011327 0.014423
2 0.582680 0.481094 0.035793 0.043999
2 0.556001 0.571473 0.018593 0.041863
3 0.480483 0.462157 0.009682 0.022154
3 0.668799 0.568192 0.009450 0.021354
3 0.378824 0.517201 0.015444 0.026601
3 0.329792 0.528987 0.006914 0.019631
3 0.375181 0.692544 0.014286 0.025254
3 0.326622 0.198954 0.009446 0.024297
3 0.254747 0.487619 0.020414 0.029610
3 0.756187 0.461234 0.013875 0.017309
3 0.420382 0.376602 0.008725 0.020987
2 0.870269 0.948580 0.028340 0.030206
3 0.192209 0.615995 0.009308 0.015921
3 0.802004 0.445140 0.017511 0.030693
3 0.139631 0.482396 0.021620 0.022910
3 0.139264 0.515513 0.015115 0.020653
3 0.394948 0.291548 0.013486 0.034695
3 0.011519 0.538757 0.014642 0.017903
3 0.758491 0.445013 0.018737 0.013765
3 0.555977 0.408926 0.014477 0.016868
3 0.779426 0.459646 0.013026 0.014348
3 0.719402 0.432695 0.011463 0.019691
3 0.341268 0.280436 0.005945 0.029447
3 0.299246 0.547481 0.003925 0.012828
3 0.336095 0.232510 0.006101 0.021289
3 0.113188 0.580425 0.011455 0.024360
3 0.788284 0.546421 0.009921 0.023564
3 0.331578 0.528530 0.013068 0.021750
3 0.735987 0.465995 0.011377 0.014652
3 0.768454 0.549622 0.010736 0.021001
3 0.746279 0.411982 0.011176 0.017217
3 0.580878 0.434674 0.005752 0.018999
3 0.948890 0.542068 0.008831 0.020428
3 0.186379 0.615617 0.020687 0.022450
3 0.718721 0.517118 0.013486 0.021682
3 0.372074 0.638851 0.005642 0.023554
3 0.355384 0.331254 0.006522 0.028531
3 0.690650 0.513644 0.014622 0.022204
3 0.480483 0.462157 0.009682 0.022154
3 0.192209 0.615995 0.009308 0.015921
3 0.322864 0.221878 0.005310 0.020304
3 0.738277 0.530142 0.012321 0.019377
3 0.994184 0.508552 0.010907 0.019620
3 0.563910 0.630973 0.006409 0.022148
3 0.424422 0.598063 0.007870 0.023057
3 0.582495 0.545363 0.005985 0.014499
3 0.240225 0.496321 0.012206 0.017312
3 0.594830 0.916376 0.008024 0.019311
3 0.326388 0.199303 0.009913 0.024996
3 0.675893 0.551455 0.007458 0.023673
3 0.801395 0.543121 0.007108 0.024874
3 0.291717 0.567658 0.012348 0.019446
3 0.554157 0.633642 0.006574 0.026392
3 0.816348 0.542445 0.007825 0.025159
3 0.531781 0.483824 0.006519 0.021663
3 0.557466 0.605472 0.006787 0.023583
3 0.889744 0.440045 0.011857 0.022104
3 0.164159 0.578778 0.014082 0.021717
3 0.856731 0.500318 0.012428 0.019689
3 0.668944 0.571712 0.009216 0.017490
3 0.930188 0.539253 0.014708 0.023183
3 0.911306 0.526612 0.006778 0.012794
3 0.236783 0.555449 0.014484 0.016435
3 0.159567 0.496877 0.012152 0.016169
3 0.295688 0.514459 0.012685 0.017680
3 0.711289 0.415838 0.005623 0.018246
3 0.725471 0.412323 0.006526 0.022694
3 0.835402 0.761151 0.010883 0.025066
3 0.756319 0.460887 0.014112 0.017941
3 0.285479 0.179405 0.004797 0.011979
3 0.583162 0.721519 0.007427 0.024564
3 0.455032 0.715095 0.011096 0.024532
3 0.570653 0.558924 0.005009 0.019422
3 0.340707 0.395930 0.005752 0.022249
3 0.461844 0.747425 0.011339 0.013144
3 0.789374 0.540381 0.010060 0.016572
3 0.691931 0.543059 0.006517 0.018740
3 0.140840 0.528764 0.013375 0.013723
3 0.555521 0.444690 0.003679 0.013748
3 0.701989 0.417151 0.008608 0.016813
3 0.408666 0.662593 0.005823 0.018213
5 0.338079 0.583519 0.022213 0.040334
5 0.556001 0.572931 0.018593 0.044964
5 0.322413 0.809427 0.111492 0.064797
5 0.616934 0.555039 0.022696 0.036404
5 0.323577 0.309985 0.012539 0.061264
5 0.584323 0.481215 0.032507 0.044242
5 0.317020 0.253874 0.012159 0.035514
5 0.244881 0.517384 0.027820 0.028488
5 0.315536 0.410863 0.017819 0.057399
5 0.342295 0.666769 0.020121 0.046343
5 0.193695 0.515731 0.030880 0.034782
5 0.316943 0.477510 0.026218 0.046915
5 0.215006 0.765525 0.018378 0.055645
2 0.316648 0.477715 0.028210 0.047691
2 0.193185 0.514606 0.031901 0.036661
2 0.315581 0.410773 0.018027 0.057796
2 0.400343 0.632275 0.018492 0.032960
2 0.245125 0.511031 0.029585 0.041193
2 0.342141 0.666427 0.020579 0.047033
2 0.325314 0.355637 0.014584 0.061228
7 0.657654 0.931217 0.080310 0.136860
2 0.378819 0.517201 0.015455 0.026601
2 0.215015 0.765150 0.018428 0.055902
2 0.582715 0.481215 0.035863 0.044242
2 0.323341 0.309976 0.013011 0.060979
2 0.338416 0.582790 0.021539 0.038875
2 0.592221 0.659769 0.015853 0.053113
2 0.316969 0.253787 0.012260 0.035338
2 0.402052 0.247913 0.014336 0.039143
2 0.518009 0.449435 0.018169 0.032987
2 0.026421 0.491467 0.035579 0.027143
2 0.375834 0.249240 0.014861 0.051027
2 0.555974 0.572931 0.018070 0.044964
2 0.616915 0.554909 0.022734 0.036663
2 0.351516 0.700341 0.024882 0.056195
2 0.399751 0.743484 0.021899 0.029455
2 0.474980 0.532873 0.011655 0.043485
2 0.495618 0.435740 0.021035 0.047017
2 0.394948 0.291548 0.013486 0.034695
2 0.341245 0.175028 0.012478 0.054033
2 0.314675 0.189287 0.012995 0.035978
2 0.343071 0.329738 0.008910 0.030949
2 0.254747 0.487619 0.020414 0.029610
2 0.757446 0.452484 0.019992 0.035336
2 0.733119 0.452279 0.022082 0.037165
2 0.463342 0.765325 0.018654 0.035721
2 0.502190 0.917368 0.027556 0.034341
2 0.603811 0.602026 0.012487 0.041620
2 0.870269 0.948580 0.028340 0.030206
2 0.550791 0.480380 0.017131 0.034957
2 0.653531 0.469715 0.022355 0.031012
2 0.452059 0.472784 0.011068 0.023883
2 0.104900 0.528772 0.024373 0.032591
2 0.511532 0.536414 0.016859 0.033136
2 0.729753 0.576855 0.054439 0.030708
2 0.609117 0.908106 0.012357 0.019007
2 0.539721 0.618225 0.015107 0.031202
2 0.375396 0.697132 0.014722 0.034725
2 0.295658 0.515235 0.012673 0.019728
2 0.281866 0.201618 0.011717 0.020374
2 0.644522 0.321352 0.067875 0.130028
2 0.139172 0.482743 0.022539 0.024850
2 0.802004 0.445140 0.017511 0.030693
2 0.378155 0.748530 0.026907 0.036031
2 0.308235 0.139619 0.010981 0.020501
2 0.570538 0.628783 0.012519 0.042021
2 0.480483 0.462157 0.009682 0.022154
2 0.585368 0.607758 0.024600 0.062687
2 0.806361 0.778737 0.015659 0.042080
2 0.453474 0.590347 0.021344 0.041977
