0 0.379644 0.585274 0.005422 0.024115
0 0.340336 0.399228 0.005385 0.024153
0 0.298564 0.543489 0.004603 0.018688
0 0.456749 0.660731 0.005943 0.022615
0 0.463263 0.430876 0.004335 0.020583
0 0.371796 0.637645 0.007228 0.023958
0 0.677423 0.547659 0.007936 0.029852
0 0.660529 0.572975 0.006521 0.027134
0 0.540633 0.568525 0.008141 0.023350
0 0.650675 0.565239 0.007859 0.024335
0 0.616220 0.590712 0.007033 0.025948
0 0.432416 0.683312 0.004701 0.019020
0 0.413415 0.414972 0.004750 0.022115
0 0.188729 0.621915 0.003990 0.014973
0 0.531411 0.482948 0.006584 0.020889
0 0.557856 0.521479 0.005605 0.018678
0 0.580362 0.434825 0.006217 0.020329
0 0.457572 0.714985 0.005471 0.025081
0 0.696598 0.426259 0.005284 0.018338
0 0.501889 0.682977 0.006255 0.027848
0 0.447894 0.770110 0.003905 0.019419
0 0.468856 0.425441 0.004852 0.019992
0 0.725460 0.412568 0.006655 0.023109
0 0.418896 0.683669 0.004694 0.019872
0 0.584306 0.751189 0.005803 0.024764
0 0.562202 0.432743 0.005482 0.019393
0 0.322595 0.220079 0.005887 0.019953
0 0.387898 0.387467 0.005499 0.019419
0 0.469762 0.809425 0.005090 0.025330
0 0.590666 0.699376 0.004631 0.018349
0 0.356840 0.341280 0.005665 0.022957
0 0.711764 0.412110 0.007338 0.026268
0 0.555070 0.440232 0.005372 0.022039
0 0.568696 0.732826 0.007511 0.025333
0 0.591005 0.732967 0.006073 0.022308
0 0.594385 0.914829 0.007549 0.019772
0 0.870384 0.537844 0.007013 0.025828
0 0.409330 0.662992 0.005147 0.018578
0 0.709715 0.550801 0.005639 0.026617
0 0.356278 0.328269 0.004321 0.014158
0 0.416153 0.396943 0.004169 0.019095
0 0.491422 0.806985 0.005543 0.020333
0 0.236524 0.496320 0.006174 0.017403
0 0.496752 0.788906 0.006708 0.018249
0 0.705509 0.768790 0.006803 0.026127
0 0.791859 0.541079 0.005090 0.018774
0 0.557311 0.416991 0.004228 0.017820
0 0.178876 0.616879 0.005445 0.019346
0 0.566323 0.432160 0.004013 0.020610
0 0.397771 0.692145 0.005636 0.030835
0 0.566900 0.480398 0.005445 0.018391
0 0.485997 0.926256 0.004490 0.017462
0 0.692501 0.542757 0.007708 0.020396
0 0.556100 0.843761 0.004153 0.019939
0 0.598406 0.887167 0.004056 0.019992
0 0.883985 0.426936 0.009375 0.021709
0 0.800114 0.543972 0.004365 0.023590
2 0.501954 0.917449 0.027438 0.034393
3 0.291171 0.514724 0.012428 0.020428
3 0.777295 0.460556 0.012832 0.014801
3 0.297326 0.567191 0.012530 0.021600
3 0.005905 0.538934 0.011799 0.017155
3 0.275714 0.532376 0.020740 0.020920
3 0.281623 0.201392 0.012133 0.020479
3 0.308222 0.139578 0.010947 0.020800
2 0.342165 0.666786 0.020272 0.046474
3 0.135665 0.530830 0.013229 0.015577
3 0.170404 0.576916 0.014092 0.019235
2 0.026886 0.492179 0.036134 0.025576
2 0.313481 0.481374 0.027598 0.047220
3 0.548655 0.481623 0.017256 0.035184
3 0.616300 0.553173 0.021866 0.032896
3 0.518940 0.441950 0.016229 0.019797
3 0.239210 0.555693 0.013889 0.015665
3 0.381097 0.520927 0.015565 0.027390
3 0.448693 0.468348 0.010801 0.024291
2 0.214943 0.765634 0.018220 0.055537
3 0.313389 0.427923 0.012839 0.023518
3 0.474702 0.528035 0.011258 0.045310
3 0.329828 0.597455 0.007193 0.031668
3 0.665551 0.569751 0.016477 0.025936
2 0.591921 0.660009 0.015302 0.053930
3 0.375227 0.693193 0.014652 0.026890
3 0.538456 0.613775 0.014563 0.029124
3 0.328122 0.529439 0.010295 0.019697
3 0.731712 0.466668 0.012233 0.013880
3 0.496403 0.443201 0.018545 0.029645
3 0.326112 0.200519 0.010663 0.024823
3 0.554949 0.571843 0.017843 0.041049
3 0.136233 0.511299 0.014044 0.014136
3 0.253955 0.486112 0.019526 0.027246
3 0.609188 0.585242 0.021132 0.015578
2 0.870240 0.948166 0.028883 0.030238
3 0.768460 0.549242 0.010678 0.020315
3 0.416769 0.370723 0.008862 0.023963
3 0.322154 0.377700 0.006697 0.013896
3 0.602633 0.440475 0.016829 0.016350
3 0.603695 0.601855 0.012405 0.041339
3 0.328873 0.529352 0.012634 0.020905
3 0.341213 0.287819 0.005919 0.028463
3 0.720858 0.432277 0.012043 0.019978
3 0.356652 0.337816 0.006042 0.030074
3 0.372059 0.638634 0.005469 0.023328
3 0.336562 0.239284 0.006245 0.023735
3 0.563394 0.630440 0.006571 0.021537
3 0.115689 0.583915 0.010560 0.023843
3 0.787632 0.549256 0.008650 0.017575
3 0.186899 0.615595 0.021674 0.022845
3 0.161545 0.499742 0.011691 0.020361
3 0.768440 0.549434 0.010746 0.020800
3 0.478052 0.459047 0.009134 0.024005
3 0.594385 0.914829 0.007549 0.019772
3 0.448668 0.468342 0.010726 0.024264
3 0.777295 0.460195 0.012832 0.014065
3 0.426920 0.602935 0.008131 0.021324
3 0.584600 0.899197 0.007815 0.024313
3 0.291171 0.514584 0.012428 0.019331
3 0.416769 0.370723 0.008862 0.023963
3 0.553163 0.633028 0.005053 0.015474
3 0.568359 0.733065 0.008186 0.025812
3 0.285431 0.179134 0.004846 0.012104
3 0.297351 0.566963 0.012479 0.020830
3 0.554964 0.621925 0.005157 0.015119
3 0.340541 0.399969 0.004976 0.021748
3 0.182409 0.616464 0.012476 0.020729
3 0.746386 0.412187 0.011320 0.017402
3 0.723947 0.515457 0.013891 0.022174
3 0.508302 0.845280 0.006088 0.016366
3 0.696386 0.514044 0.014316 0.023332
3 0.580362 0.434825 0.006217 0.020329
3 0.584268 0.727025 0.007223 0.021914
3 0.239163 0.496360 0.011995 0.017259
3 0.835356 0.761072 0.010917 0.024544
3 0.308222 0.139578 0.010947 0.020800
3 0.005909 0.538907 0.011791 0.017101
3 0.540532 0.568917 0.005927 0.019727
3 0.322595 0.220079 0.005887 0.019953
3 0.409330 0.662992 0.005147 0.018578
3 0.508709 0.530091 0.017670 0.032795
3 0.582359 0.545347 0.005741 0.014408
3 0.711292 0.415813 0.006017 0.018930
3 0.408967 0.699584 0.009900 0.018440
3 0.484884 0.855796 0.008592 0.021956
3 0.676881 0.550943 0.007191 0.023709
3 0.455201 0.715148 0.010620 0.024798
3 0.731712 0.466534 0.012233 0.014147
3 0.615602 0.594176 0.005858 0.019549
3 0.170385 0.577770 0.014071 0.020942
3 0.557656 0.600918 0.006364 0.022528
3 0.239210 0.555693 0.013889 0.015665
3 0.816241 0.542577 0.007620 0.024910
3 0.801161 0.548180 0.005538 0.015499
3 0.443487 0.621647 0.010862 0.023243
3 0.235639 0.215427 0.007306 0.014269
3 0.326112 0.200519 0.010663 0.024823
3 0.668618 0.571429 0.009371 0.018198
5 0.554946 0.573888 0.017849 0.045708
5 0.548655 0.481753 0.017256 0.035443
5 0.192050 0.515512 0.031185 0.034487
5 0.323529 0.309831 0.012460 0.061353
5 0.616895 0.554834 0.022820 0.036518
5 0.343769 0.580692 0.018029 0.032885
5 0.442070 0.530077 0.052076 0.094011
5 0.315479 0.411155 0.017657 0.057041
5 0.657667 0.931727 0.078171 0.135322
5 0.580924 0.478318 0.033767 0.037894
5 0.342165 0.666786 0.020272 0.046474
2 0.313355 0.481171 0.028135 0.047618
2 0.191874 0.514287 0.031539 0.035989
2 0.241821 0.517465 0.029152 0.034734
2 0.343769 0.580496 0.018029 0.032495
2 0.400402 0.632298 0.018652 0.032949
7 0.657524 0.931205 0.080258 0.136599
2 0.341999 0.666501 0.020801 0.046958
2 0.325287 0.354669 0.014292 0.059257
2 0.214929 0.765244 0.018261 0.055668
2 0.580546 0.478530 0.034536 0.039118
2 0.518125 0.450089 0.018428 0.031202
2 0.323256 0.309761 0.013005 0.060963
2 0.495297 0.435695 0.021731 0.047025
2 0.380859 0.528143 0.016407 0.042590
2 0.343072 0.335340 0.009201 0.031797
2 0.374925 0.244461 0.015327 0.055863
2 0.592174 0.660009 0.015809 0.053930
2 0.315499 0.410879 0.017698 0.056786
2 0.316954 0.253845 0.012137 0.036642
2 0.351566 0.700138 0.024916 0.055797
2 0.342131 0.182624 0.013834 0.050254
2 0.508001 0.538571 0.019222 0.050222
2 0.401626 0.247189 0.013118 0.040480
2 0.399193 0.743390 0.021171 0.029587
2 0.335554 0.596063 0.018697 0.029363
2 0.755102 0.453494 0.019854 0.033981
2 0.548191 0.481847 0.018182 0.035989
2 0.474657 0.528035 0.011349 0.045310
2 0.616836 0.554834 0.022938 0.036518
2 0.463256 0.765198 0.019177 0.037840
2 0.537833 0.619869 0.016092 0.041740
2 0.026886 0.491725 0.036134 0.026483
2 0.554850 0.573888 0.017657 0.045708
2 0.314671 0.188672 0.013130 0.035054
2 0.394513 0.287774 0.012659 0.035810
2 0.375227 0.693193 0.014652 0.026890
2 0.650790 0.469523 0.024149 0.029780
2 0.255630 0.485986 0.023362 0.029769
2 0.730320 0.453556 0.020422 0.034701
2 0.455238 0.588522 0.020914 0.042918
2 0.603695 0.601747 0.012405 0.041558
2 0.501954 0.917449 0.027438 0.034393
2 0.448693 0.468348 0.010801 0.024291
2 0.870240 0.948166 0.028883 0.030238
2 0.609053 0.908088 0.012440 0.018527
2 0.378111 0.747645 0.026673 0.034771
2 0.583668 0.610218 0.028342 0.069535
2 0.729801 0.576694 0.054338 0.030895
2 0.101259 0.529585 0.020377 0.031020
2 0.570888 0.628806 0.011651 0.041934
2 0.281625 0.201392 0.012089 0.020479
2 0.866582 0.814937 0.021827 0.039104
2 0.796833 0.452866 0.020360 0.023855
2 0.139907 0.482539 0.022244 0.023144
2 0.135951 0.519166 0.016212 0.033072
2 0.174027 0.660126 0.032652 0.052336
2 0.308222 0.139578 0.010947 0.020800
2 0.434178 0.901868 0.037626 0.054954
2 0.179959 0.474183 0.018852 0.018097
2 0.291150 0.514724 0.012278 0.020428
2 0.170389 0.576916 0.014063 0.019235
2 0.388285 0.696056 0.016092 0.038318
2 0.326112 0.200519 0.010663 0.024823
2 0.644368 0.321359 0.067507 0.130363
2 0.806005 0.779269 0.016281 0.045155
2 0.828242 0.985616 0.020767 0.024390
