0 0.299574 0.544524 0.004889 0.019192
0 0.380219 0.587729 0.005619 0.022969
0 0.411963 0.415351 0.006510 0.022881
0 0.371821 0.638147 0.007400 0.023808
0 0.455705 0.659622 0.006151 0.022384
0 0.676078 0.547941 0.007559 0.029512
0 0.660662 0.572564 0.006508 0.027587
0 0.581182 0.434582 0.005495 0.019397
0 0.557929 0.521348 0.005464 0.018719
0 0.340445 0.396334 0.005837 0.023809
0 0.330061 0.528673 0.006374 0.020920
0 0.188824 0.621921 0.003924 0.015107
0 0.466614 0.428951 0.009690 0.024605
0 0.556050 0.440925 0.004922 0.020113
0 0.154315 0.474436 0.004897 0.022638
0 0.616547 0.590204 0.006871 0.025969
0 0.457592 0.714983 0.005520 0.025195
0 0.531798 0.484379 0.006303 0.021754
0 0.491903 0.808612 0.005621 0.021296
0 0.501992 0.675591 0.006520 0.028448
0 0.648503 0.563279 0.009585 0.030272
0 0.432552 0.681662 0.006474 0.020631
0 0.418935 0.683636 0.004556 0.019902
0 0.696696 0.426540 0.005384 0.017778
0 0.463844 0.432714 0.004619 0.021621
0 0.416248 0.396113 0.004393 0.019817
0 0.725409 0.412128 0.006608 0.022278
0 0.541131 0.570693 0.005753 0.021393
0 0.884917 0.427163 0.009543 0.018907
0 0.562090 0.432599 0.005109 0.019164
0 0.870301 0.537931 0.006897 0.025631
0 0.557103 0.417699 0.004207 0.016948
0 0.387159 0.387571 0.007054 0.018785
0 0.355255 0.332758 0.006143 0.022536
0 0.247925 0.572653 0.005207 0.014282
0 0.705547 0.768564 0.006642 0.025586
0 0.496794 0.789092 0.006802 0.018455
0 0.420747 0.378351 0.009866 0.025185
0 0.408350 0.662670 0.005637 0.018008
0 0.322832 0.222076 0.005173 0.019879
0 0.590493 0.698451 0.004565 0.018733
0 0.711353 0.759132 0.005883 0.025862
0 0.180343 0.614267 0.009098 0.025957
0 0.591241 0.735219 0.005431 0.021622
0 0.507982 0.841797 0.005987 0.020477
0 0.582823 0.721238 0.007639 0.024427
0 0.709810 0.550749 0.005779 0.027243
0 0.698511 0.550643 0.006402 0.018617
0 0.568229 0.743055 0.008158 0.025988
0 0.585100 0.759586 0.004590 0.016379
0 0.341016 0.271883 0.005184 0.015647
0 0.566411 0.432098 0.003987 0.020434
0 0.576096 0.837464 0.005978 0.023576
0 0.397812 0.690735 0.005954 0.034533
0 0.711700 0.412509 0.006840 0.024842
0 0.003075 0.629309 0.005754 0.023958
0 0.800182 0.543971 0.004370 0.023031
0 0.691441 0.543652 0.006402 0.019389
0 0.792033 0.540732 0.005081 0.018082
0 0.584593 0.904952 0.006932 0.020632
0 0.553421 0.634669 0.007670 0.024910
0 0.410604 0.685181 0.005287 0.019957
0 0.447308 0.769145 0.004570 0.020022
0 0.552821 0.900070 0.007120 0.022255
0 0.141715 0.668543 0.006943 0.025336
2 0.502184 0.917380 0.027518 0.034323
3 0.779877 0.460511 0.013268 0.016260
3 0.290641 0.567526 0.012366 0.018855
3 0.551285 0.479939 0.016979 0.034164
3 0.308221 0.139762 0.011042 0.020864
3 0.296745 0.515466 0.012383 0.019985
3 0.276717 0.532287 0.016996 0.021230
3 0.452528 0.473601 0.011063 0.023896
3 0.162671 0.573996 0.014231 0.013754
3 0.281805 0.201781 0.011872 0.020676
2 0.342298 0.666836 0.020108 0.046401
3 0.601216 0.447559 0.018586 0.027480
3 0.540122 0.618619 0.014626 0.030545
2 0.616946 0.554786 0.022617 0.036360
3 0.518028 0.449355 0.018228 0.033523
3 0.512238 0.536945 0.016337 0.032663
3 0.329787 0.597699 0.006986 0.031629
2 0.215019 0.765510 0.018471 0.055740
2 0.316710 0.477376 0.027854 0.047516
3 0.475201 0.533409 0.011595 0.043640
2 0.193276 0.513812 0.031635 0.035203
3 0.768480 0.549368 0.010668 0.020534
3 0.665661 0.570123 0.016520 0.025836
2 0.584917 0.481404 0.032249 0.044039
3 0.735668 0.463737 0.013640 0.019157
3 0.495385 0.444284 0.020457 0.031028
3 0.140929 0.524229 0.014776 0.025437
3 0.378442 0.516594 0.015487 0.027443
2 0.870148 0.948580 0.028308 0.030126
3 0.395173 0.292670 0.012658 0.034774
2 0.556194 0.571605 0.018559 0.041645
3 0.326549 0.198623 0.009290 0.024377
3 0.802336 0.443926 0.017244 0.030449
3 0.192113 0.616236 0.009487 0.016044
3 0.262570 0.535541 0.011191 0.018918
2 0.255390 0.486239 0.024124 0.032777
3 0.136272 0.503349 0.013775 0.022802
3 0.137430 0.482528 0.018830 0.023882
3 0.341314 0.279563 0.006158 0.028070
3 0.719651 0.433611 0.012224 0.021911
3 0.779877 0.459690 0.013268 0.014263
3 0.112617 0.580271 0.011011 0.024847
3 0.299185 0.547691 0.003805 0.013304
3 0.335966 0.231016 0.006212 0.022962
3 0.332736 0.528614 0.011926 0.021038
3 0.689563 0.513816 0.014472 0.021764
3 0.788189 0.545905 0.009965 0.024912
3 0.768451 0.549612 0.010725 0.021040
3 0.718202 0.517664 0.012891 0.022553
3 0.746314 0.411983 0.011134 0.017397
3 0.290639 0.567529 0.012362 0.018743
3 0.581182 0.434667 0.005495 0.019568
3 0.235905 0.555387 0.013826 0.017350
3 0.182231 0.616847 0.012243 0.019782
3 0.191387 0.616611 0.013055 0.020776
3 0.736686 0.465979 0.011625 0.014677
3 0.355255 0.332758 0.006143 0.022536
3 0.948882 0.541982 0.008855 0.020238
3 0.423765 0.596877 0.008603 0.023678
3 0.737895 0.530116 0.012517 0.019669
3 0.322832 0.222076 0.005173 0.019879
3 0.140929 0.524229 0.014776 0.025437
3 0.993943 0.508801 0.011158 0.019059
3 0.481052 0.462408 0.009602 0.021417
3 0.340535 0.395856 0.005656 0.022853
3 0.159073 0.498946 0.012001 0.019066
3 0.890579 0.439801 0.011922 0.021964
3 0.557376 0.606783 0.006798 0.024186
3 0.563964 0.631395 0.006499 0.022627
3 0.554167 0.635200 0.006482 0.025971
3 0.341016 0.271883 0.005184 0.015647
3 0.582519 0.545354 0.006063 0.014624
3 0.531805 0.484304 0.006291 0.021407
3 0.691207 0.543795 0.007466 0.020040
3 0.595059 0.916751 0.008514 0.019025
3 0.649197 0.565381 0.008195 0.026067
3 0.676010 0.548269 0.007607 0.030167
3 0.835392 0.761073 0.010780 0.024978
3 0.568229 0.743055 0.008158 0.025988
3 0.239910 0.496180 0.011671 0.017282
3 0.665701 0.570123 0.016600 0.025836
3 0.012693 0.538713 0.014438 0.017827
3 0.285514 0.179302 0.004824 0.012099
3 0.162668 0.577774 0.014273 0.021310
3 0.584593 0.904952 0.006932 0.020632
3 0.698554 0.550937 0.006772 0.019205
3 0.326351 0.198891 0.009685 0.024913
3 0.711260 0.415953 0.005615 0.018121
3 0.421252 0.379241 0.008855 0.023404
3 0.372054 0.638774 0.005611 0.022971
3 0.696696 0.426540 0.005384 0.017778
3 0.931106 0.540231 0.012925 0.021548
3 0.162850 0.483592 0.005813 0.013587
3 0.801280 0.543065 0.006770 0.024424
3 0.702108 0.417013 0.008629 0.016822
3 0.856217 0.500241 0.011501 0.019705
3 0.725409 0.412836 0.006608 0.023696
3 0.682212 0.561710 0.009988 0.019709
3 0.816394 0.542494 0.007628 0.025024
3 0.555593 0.443164 0.003731 0.015920
3 0.730255 0.546582 0.014424 0.020618
3 0.789336 0.540442 0.010022 0.016676
5 0.323623 0.310040 0.012499 0.061507
5 0.337463 0.586643 0.022129 0.047472
5 0.556194 0.572955 0.018559 0.044435
5 0.322537 0.809284 0.111740 0.064214
5 0.616946 0.555122 0.022617 0.035686
5 0.317023 0.253887 0.012156 0.035437
5 0.584609 0.481718 0.032866 0.044688
5 0.315545 0.411131 0.017772 0.057558
5 0.193917 0.515871 0.031144 0.034769
5 0.215019 0.765510 0.018471 0.055740
5 0.245679 0.517521 0.027416 0.028421
5 0.342298 0.666836 0.020108 0.046401
2 0.316763 0.477488 0.028816 0.048043
2 0.245199 0.512133 0.028436 0.038922
2 0.325380 0.355570 0.014197 0.061012
2 0.193312 0.514702 0.032360 0.037155
7 0.657597 0.931298 0.080554 0.136609
2 0.315574 0.410880 0.018014 0.057809
2 0.400347 0.632317 0.018499 0.032882
2 0.583123 0.481398 0.036174 0.044412
2 0.342083 0.666426 0.020738 0.047075
2 0.215023 0.765122 0.018479 0.055891
2 0.378413 0.516680 0.015544 0.027614
2 0.337463 0.586643 0.022129 0.047472
2 0.518028 0.449396 0.018228 0.033441
2 0.323370 0.309954 0.013006 0.061096
2 0.402083 0.248045 0.014514 0.039524
2 0.026467 0.491418 0.035705 0.027164
2 0.495589 0.435831 0.021580 0.047935
2 0.341093 0.172901 0.012470 0.053359
2 0.592252 0.659532 0.015894 0.052896
2 0.316966 0.253817 0.012270 0.035188
2 0.375982 0.251464 0.014551 0.052766
2 0.395173 0.292670 0.012658 0.034774
2 0.399693 0.743540 0.021824 0.029567
2 0.255390 0.486330 0.024124 0.032959
2 0.351499 0.700749 0.024752 0.055915
2 0.314794 0.189810 0.013176 0.037213
2 0.556105 0.572955 0.018350 0.044435
2 0.343064 0.329724 0.009005 0.032167
2 0.452528 0.473601 0.011063 0.023896
2 0.475143 0.533466 0.011711 0.043754
2 0.616918 0.554786 0.022673 0.036360
2 0.758131 0.453011 0.020755 0.034148
2 0.654615 0.469174 0.022772 0.030482
2 0.105212 0.528786 0.021805 0.030344
2 0.463357 0.765427 0.018761 0.036556
2 0.511038 0.545739 0.019201 0.050869
2 0.139105 0.482528 0.022179 0.023882
2 0.603804 0.602026 0.012459 0.041708
2 0.375310 0.694156 0.014676 0.028915
2 0.729847 0.576761 0.054407 0.030782
2 0.732652 0.453356 0.020320 0.034979
2 0.870148 0.948580 0.028308 0.030126
2 0.502184 0.917380 0.027518 0.034323
2 0.609111 0.908114 0.012231 0.019293
2 0.551294 0.480031 0.016961 0.034350
2 0.281847 0.201781 0.011743 0.020676
2 0.377987 0.749024 0.026794 0.037224
2 0.272356 0.530435 0.031071 0.026111
2 0.180821 0.474632 0.020157 0.018080
2 0.802336 0.443926 0.017244 0.030449
2 0.586684 0.594179 0.016485 0.032348
2 0.540122 0.618619 0.014626 0.030545
2 0.644562 0.322060 0.067615 0.128099
2 0.308221 0.139762 0.011042 0.020864
2 0.296731 0.515466 0.012354 0.019985
2 0.290694 0.567299 0.012112 0.018317
2 0.208612 0.657202 0.047024 0.056406
2 0.180827 0.490105 0.017692 0.022550
2 0.453043 0.589655 0.021565 0.044092
