0 0.548204 0.439220 0.006643 0.021917
0 0.378053 0.579937 0.005345 0.022056
0 0.419611 0.410427 0.004334 0.019755
0 0.465889 0.414520 0.004111 0.018949
0 0.340837 0.413625 0.005546 0.022843
0 0.537317 0.557870 0.007168 0.022824
0 0.562334 0.431693 0.005221 0.019227
0 0.616898 0.593057 0.007315 0.025830
0 0.466999 0.801429 0.004604 0.022282
0 0.461867 0.418252 0.005124 0.016310
0 0.571110 0.437025 0.004777 0.018449
0 0.292833 0.538197 0.005278 0.017788
0 0.489466 0.796577 0.004978 0.022258
0 0.415139 0.408221 0.004846 0.020659
0 0.437235 0.691069 0.004817 0.020961
0 0.460938 0.660969 0.005380 0.020668
0 0.439367 0.662439 0.007146 0.022091
0 0.503723 0.716247 0.006949 0.028087
0 0.474714 0.816408 0.006138 0.022287
0 0.592265 0.700233 0.005492 0.020839
0 0.564828 0.684334 0.008012 0.022820
0 0.371931 0.638341 0.005580 0.022466
0 0.556588 0.417443 0.003907 0.016554
0 0.460994 0.435878 0.005569 0.022584
0 0.725046 0.415319 0.007386 0.030038
0 0.457742 0.714943 0.005118 0.024180
0 0.589501 0.725092 0.005867 0.018888
0 0.696514 0.425617 0.005735 0.017889
0 0.660775 0.572311 0.006506 0.026312
0 0.709107 0.550343 0.005270 0.028729
0 0.593895 0.876435 0.004423 0.018838
0 0.449455 0.769535 0.004180 0.018193
0 0.530715 0.477171 0.005577 0.019987
0 0.711810 0.411731 0.006819 0.025202
0 0.188531 0.621745 0.003664 0.014529
0 0.418916 0.683362 0.005431 0.020710
0 0.408373 0.690024 0.007720 0.031206
0 0.236790 0.566399 0.006598 0.025398
0 0.510009 0.857627 0.005993 0.019643
0 0.416261 0.667758 0.004930 0.019039
0 0.698209 0.547707 0.009757 0.034383
0 0.496747 0.788837 0.006817 0.018521
0 0.338648 0.276460 0.006880 0.034277
0 0.397385 0.672952 0.006342 0.029104
0 0.536564 0.693513 0.008757 0.027284
0 0.346760 0.726371 0.003792 0.012962
0 0.428673 0.432350 0.004298 0.015971
2 0.501741 0.916835 0.026981 0.034588
3 0.308090 0.139023 0.010660 0.020487
3 0.603493 0.601286 0.012316 0.040758
3 0.518932 0.442785 0.016961 0.024972
2 0.341970 0.665995 0.020123 0.046511
2 0.738814 0.455734 0.021938 0.035711
3 0.255162 0.489073 0.022113 0.033173
2 0.273205 0.531243 0.032770 0.024642
2 0.591508 0.658396 0.015218 0.052736
3 0.281531 0.200197 0.011994 0.020781
2 0.214555 0.764717 0.017462 0.057205
3 0.494379 0.439781 0.020577 0.031753
3 0.262340 0.511231 0.010419 0.017958
2 0.296831 0.495968 0.028265 0.043484
3 0.115386 0.511272 0.015080 0.014886
3 0.255025 0.496103 0.019888 0.020286
3 0.803416 0.763828 0.017762 0.021584
2 0.775234 0.453614 0.027655 0.028091
3 0.329712 0.597254 0.007429 0.032597
3 0.775883 0.769751 0.013183 0.020410
3 0.207862 0.473087 0.012567 0.011271
2 0.567189 0.481266 0.033253 0.039730
2 0.870100 0.947210 0.029906 0.029937
3 0.492646 0.495114 0.018194 0.034470
3 0.463263 0.641204 0.009071 0.022407
3 0.375341 0.692833 0.014840 0.026926
2 0.616636 0.554174 0.022712 0.037473
3 0.711288 0.451023 0.017926 0.025062
2 0.181790 0.513701 0.030871 0.034295
3 0.537161 0.481838 0.015109 0.022190
3 0.854754 0.757704 0.012749 0.016416
3 0.307015 0.540116 0.011787 0.018754
3 0.698628 0.545293 0.009438 0.034804
3 0.564828 0.684334 0.008012 0.022820
3 0.462623 0.434860 0.009844 0.024042
3 0.339276 0.327700 0.005630 0.028746
3 0.334543 0.560119 0.013216 0.022508
3 0.729194 0.508724 0.014783 0.024793
3 0.371931 0.638341 0.005580 0.022466
3 0.681529 0.547446 0.009882 0.031239
3 0.338565 0.277798 0.006498 0.033149
3 0.768309 0.549074 0.011060 0.021481
3 0.758417 0.510336 0.015132 0.020962
3 0.430634 0.437532 0.009823 0.024946
3 0.746227 0.411525 0.011260 0.017116
3 0.186027 0.615472 0.020812 0.021738
3 0.668734 0.566659 0.009724 0.021454
3 0.306455 0.539260 0.012959 0.021922
3 0.616591 0.593057 0.006700 0.025830
3 0.656825 0.558222 0.008914 0.025045
3 0.727261 0.431097 0.011824 0.022811
3 0.285397 0.178286 0.004743 0.011780
3 0.589321 0.749858 0.006886 0.024920
3 0.788066 0.545402 0.011244 0.026356
3 0.417318 0.409336 0.009215 0.021542
3 0.262364 0.511209 0.010372 0.017416
3 0.731361 0.546748 0.017668 0.023165
3 0.340837 0.413625 0.005546 0.022843
3 0.862600 0.440876 0.012021 0.021170
3 0.638504 0.590148 0.014218 0.024788
3 0.440223 0.629886 0.010959 0.021611
3 0.455037 0.714822 0.010934 0.024332
3 0.683018 0.561128 0.012047 0.019900
3 0.484620 0.855778 0.008598 0.022371
3 0.702221 0.416025 0.008965 0.017056
3 0.935870 0.449401 0.014130 0.019205
3 0.582932 0.884384 0.008397 0.022838
3 0.232473 0.494649 0.013318 0.019597
3 0.461837 0.746742 0.011313 0.013754
3 0.816095 0.542250 0.007546 0.024365
3 0.704031 0.470802 0.010549 0.015008
3 0.556588 0.417443 0.003907 0.016554
5 0.441621 0.529571 0.053766 0.094397
5 0.316811 0.264507 0.012514 0.058900
5 0.323381 0.309380 0.012759 0.061201
5 0.315486 0.410174 0.017708 0.056784
5 0.657424 0.930753 0.078943 0.137494
5 0.341970 0.665995 0.020123 0.046511
5 0.314705 0.188631 0.013251 0.037052
5 0.181974 0.515360 0.031461 0.035085
2 0.296831 0.495956 0.028265 0.043460
2 0.227466 0.507339 0.031587 0.048905
2 0.341862 0.665608 0.020931 0.047152
2 0.181969 0.514456 0.031479 0.036761
2 0.325239 0.353825 0.014482 0.060928
7 0.657424 0.930741 0.078943 0.137470
2 0.315254 0.410162 0.018321 0.056761
2 0.566333 0.483183 0.035105 0.046765
2 0.214555 0.764472 0.017462 0.056713
2 0.400261 0.631668 0.018171 0.032079
2 0.372295 0.202501 0.014200 0.054437
2 0.363955 0.587619 0.017783 0.034764
2 0.323398 0.309213 0.012725 0.060868
2 0.344132 0.366836 0.009719 0.047087
2 0.335611 0.598741 0.019443 0.037060
2 0.463041 0.765822 0.018472 0.035590
2 0.738814 0.455770 0.021938 0.035784
2 0.394597 0.553340 0.015844 0.044032
2 0.387674 0.256729 0.011462 0.033463
2 0.591789 0.658884 0.015781 0.053714
2 0.375341 0.692833 0.014840 0.026926
2 0.342492 0.217988 0.012655 0.046732
2 0.532046 0.598031 0.014709 0.027915
2 0.351801 0.698322 0.024855 0.056214
2 0.494910 0.435420 0.021879 0.044663
2 0.316836 0.254113 0.012450 0.037662
2 0.398914 0.742603 0.020810 0.028852
2 0.520114 0.440142 0.022181 0.049972
2 0.536952 0.488644 0.016754 0.034255
2 0.097814 0.595435 0.030936 0.032723
2 0.209828 0.660785 0.048696 0.066189
2 0.314705 0.188631 0.013251 0.037052
2 0.402037 0.246614 0.013347 0.038944
2 0.492927 0.495382 0.017951 0.035037
2 0.616649 0.554239 0.022738 0.037604
2 0.551562 0.576267 0.015609 0.034032
2 0.603493 0.601269 0.012316 0.041094
2 0.775230 0.454795 0.027608 0.025790
2 0.026374 0.490905 0.034349 0.026783
2 0.470612 0.508276 0.013751 0.042623
2 0.460267 0.263830 0.057594 0.111665
2 0.870100 0.947210 0.029906 0.029937
2 0.710765 0.455107 0.018821 0.033388
2 0.255412 0.489578 0.021613 0.032163
2 0.433339 0.901464 0.038240 0.048410
2 0.586152 0.593852 0.016618 0.032734
2 0.271893 0.531121 0.030147 0.024029
2 0.510298 0.099250 0.043773 0.078200
2 0.430832 0.437523 0.009434 0.025152
2 0.501741 0.916835 0.026981 0.034588
2 0.334395 0.560321 0.012597 0.022037
2 0.185412 0.180731 0.053657 0.057907
2 0.803720 0.778880 0.017380 0.049836
2 0.569875 0.628897 0.013491 0.041722
2 0.365915 0.386210 0.017211 0.031780
2 0.140061 0.483834 0.023093 0.027216
2 0.729933 0.576213 0.053577 0.031512
2 0.627183 0.471104 0.024429 0.032294
2 0.746534 0.952010 0.015705 0.051612
2 0.281531 0.200197 0.011994 0.020781
2 0.306983 0.540095 0.011723 0.018901
2 0.468967 0.559741 0.016190 0.034903
2 0.282639 0.069648 0.008445 0.033867
