0 0.340769 0.406713 0.004557 0.021400
0 0.378825 0.582816 0.005031 0.022117
0 0.660331 0.573153 0.005904 0.027148
0 0.552152 0.440452 0.006222 0.021375
0 0.458546 0.660453 0.005026 0.021272
0 0.539684 0.562067 0.006734 0.021423
0 0.472259 0.814491 0.004628 0.018692
0 0.490168 0.801735 0.004703 0.021506
0 0.530598 0.479509 0.005795 0.021480
0 0.435111 0.687354 0.005040 0.020457
0 0.465859 0.422490 0.008550 0.025355
0 0.616158 0.591585 0.006735 0.026034
0 0.468557 0.803041 0.004378 0.021137
0 0.509301 0.850401 0.005691 0.020049
0 0.416223 0.407508 0.006056 0.031855
0 0.652559 0.561819 0.009708 0.032716
0 0.188750 0.622325 0.003843 0.014344
0 0.576408 0.435610 0.005922 0.019635
0 0.557782 0.520193 0.005672 0.020444
0 0.591429 0.699667 0.005291 0.018607
0 0.457674 0.715114 0.005451 0.024695
0 0.567275 0.709578 0.007308 0.025054
0 0.696605 0.426321 0.005273 0.017817
0 0.725281 0.411651 0.006378 0.021565
0 0.556991 0.417334 0.004320 0.017842
0 0.418806 0.683578 0.004714 0.020528
0 0.296411 0.541347 0.005470 0.017836
0 0.694912 0.541675 0.008647 0.021744
0 0.562359 0.432543 0.005199 0.019848
0 0.502449 0.698299 0.007361 0.026126
0 0.371754 0.638301 0.007226 0.024316
0 0.433707 0.660721 0.005072 0.021118
0 0.496774 0.788869 0.006881 0.018500
0 0.462468 0.425859 0.005186 0.020586
0 0.679894 0.544485 0.009137 0.036086
0 0.322115 0.214735 0.004297 0.020644
0 0.387633 0.386947 0.005453 0.020090
0 0.546297 0.846955 0.005071 0.018106
0 0.711600 0.412085 0.006798 0.024886
0 0.698066 0.546464 0.006650 0.024052
0 0.178776 0.617778 0.005344 0.017384
0 0.709483 0.550599 0.005295 0.026373
0 0.408841 0.690164 0.007766 0.030115
0 0.448667 0.769270 0.004703 0.018390
0 0.585955 0.739074 0.008706 0.028397
0 0.870306 0.537734 0.007200 0.026444
0 0.181586 0.620685 0.004842 0.013168
0 0.359576 0.350531 0.004514 0.015239
0 0.791985 0.539731 0.004961 0.016602
2 0.502032 0.917442 0.027073 0.034688
3 0.308208 0.139117 0.010868 0.019998
3 0.276992 0.533365 0.016285 0.017987
3 0.281569 0.201036 0.012244 0.020788
3 0.277507 0.514816 0.012386 0.018877
2 0.342154 0.666646 0.020106 0.046485
3 0.314367 0.564624 0.012084 0.023010
2 0.305981 0.488293 0.027923 0.042602
3 0.518348 0.449021 0.018258 0.032865
3 0.748311 0.454834 0.020674 0.033542
3 0.788214 0.451133 0.017606 0.027207
3 0.772131 0.460954 0.011593 0.013828
3 0.600944 0.448659 0.018635 0.031788
3 0.125191 0.511230 0.011220 0.016866
3 0.407013 0.350706 0.009147 0.024738
3 0.616358 0.553325 0.022399 0.033139
3 0.387473 0.531193 0.014767 0.026908
3 0.603731 0.601778 0.012495 0.041438
2 0.214856 0.765519 0.018027 0.055397
3 0.375197 0.692933 0.014847 0.026757
3 0.187175 0.575075 0.013824 0.013181
3 0.960434 0.448855 0.013796 0.017376
3 0.319030 0.534888 0.011574 0.021709
3 0.590964 0.499331 0.022100 0.013352
2 0.315459 0.410792 0.017734 0.057126
3 0.602393 0.439896 0.015453 0.013333
3 0.768488 0.549154 0.010872 0.020800
3 0.439787 0.454479 0.010767 0.024708
3 0.253778 0.480431 0.018572 0.016109
3 0.776061 0.769517 0.013128 0.019790
2 0.591630 0.659912 0.014840 0.052431
2 0.870094 0.948095 0.029266 0.030016
3 0.723819 0.429432 0.012252 0.018417
3 0.836657 0.496921 0.012293 0.023780
3 0.337586 0.254940 0.006942 0.034074
3 0.739634 0.512076 0.013091 0.017412
3 0.340733 0.307999 0.006024 0.028212
3 0.711631 0.510597 0.014927 0.025504
3 0.768467 0.549579 0.011067 0.021900
3 0.746224 0.411847 0.011310 0.017542
3 0.594050 0.911275 0.008262 0.019047
3 0.567275 0.709578 0.007308 0.025054
3 0.878174 0.501245 0.013872 0.020945
3 0.730711 0.546700 0.016291 0.023068
3 0.314367 0.564624 0.012084 0.023010
3 0.285233 0.179079 0.005170 0.012239
3 0.788066 0.545876 0.009683 0.024554
3 0.960434 0.448855 0.013796 0.017376
3 0.319052 0.535007 0.011618 0.022210
3 0.583886 0.892264 0.008255 0.024577
3 0.679856 0.546894 0.009315 0.031308
3 0.372001 0.638883 0.005712 0.022874
3 0.772129 0.461002 0.011596 0.013765
3 0.615889 0.594619 0.006155 0.020708
3 0.696013 0.544688 0.011108 0.027440
3 0.121833 0.588791 0.011234 0.023299
3 0.718862 0.467566 0.010909 0.012780
3 0.595507 0.880419 0.008404 0.022941
3 0.930962 0.539998 0.013297 0.021542
3 0.948814 0.541736 0.008786 0.020228
3 0.555657 0.610452 0.007215 0.025117
3 0.439787 0.454479 0.010767 0.024708
3 0.668947 0.568413 0.009780 0.023855
3 0.471371 0.448505 0.009726 0.021732
3 0.892450 0.535117 0.013468 0.024360
3 0.562443 0.623374 0.006447 0.022254
3 0.296411 0.541375 0.005470 0.017386
3 0.779915 0.424771 0.011787 0.013529
3 0.237160 0.495341 0.012534 0.018838
3 0.191861 0.615484 0.009625 0.015296
3 0.652867 0.560750 0.008467 0.030064
3 0.901795 0.546474 0.013364 0.029693
3 0.584863 0.886569 0.006291 0.013919
3 0.582418 0.545284 0.006014 0.014287
3 0.702146 0.417048 0.008568 0.016891
3 0.725281 0.411651 0.006378 0.021565
3 0.816226 0.542311 0.007536 0.024562
3 0.801189 0.542934 0.007132 0.025203
3 0.326119 0.206035 0.011197 0.021896
3 0.638167 0.592135 0.012739 0.021683
3 0.933411 0.524853 0.012824 0.011160
3 0.308208 0.139117 0.010868 0.019998
3 0.277543 0.514695 0.012314 0.018637
3 0.684497 0.564874 0.009875 0.013952
3 0.857187 0.530288 0.010462 0.021458
3 0.970067 0.531957 0.014581 0.022634
3 0.337738 0.246904 0.006182 0.018864
3 0.415959 0.412462 0.005019 0.021060
3 0.461918 0.746976 0.011296 0.013922
3 0.746122 0.462972 0.014840 0.016983
3 0.559820 0.484493 0.005912 0.017905
5 0.323469 0.309717 0.012398 0.061382
5 0.441648 0.529977 0.053340 0.094226
5 0.187625 0.515312 0.030850 0.033952
5 0.315427 0.410881 0.017889 0.057304
5 0.657677 0.931656 0.077508 0.135452
5 0.342154 0.666646 0.020106 0.046485
5 0.316961 0.253676 0.012143 0.036838
5 0.214856 0.765519 0.018027 0.055397
5 0.341803 0.202781 0.012205 0.051699
2 0.325299 0.354189 0.014353 0.059602
2 0.305981 0.489287 0.027923 0.045457
2 0.186907 0.514747 0.032424 0.035145
2 0.342008 0.666511 0.020571 0.046724
2 0.400334 0.632193 0.018407 0.032841
7 0.657604 0.930968 0.079549 0.136922
2 0.387417 0.531442 0.015085 0.027777
2 0.343636 0.355069 0.009753 0.047481
2 0.233889 0.516002 0.029257 0.031472
2 0.214880 0.765159 0.018234 0.055583
2 0.323050 0.309695 0.013236 0.061113
2 0.496210 0.435753 0.023109 0.048523
2 0.591951 0.659577 0.015766 0.054296
2 0.574156 0.480962 0.034965 0.044148
2 0.353600 0.583496 0.018218 0.034001
2 0.314619 0.188440 0.013461 0.035331
2 0.341803 0.202781 0.012205 0.051699
2 0.518440 0.449578 0.019150 0.034043
2 0.500987 0.521553 0.019914 0.050088
2 0.375197 0.692933 0.014847 0.026757
2 0.316909 0.253676 0.012246 0.036838
2 0.552682 0.578192 0.016499 0.045517
2 0.722066 0.456311 0.019718 0.035238
2 0.351606 0.699443 0.025438 0.056856
2 0.335789 0.593277 0.018462 0.024903
2 0.640085 0.470745 0.023013 0.031483
2 0.542869 0.485524 0.017348 0.034343
2 0.748234 0.454930 0.020829 0.033734
2 0.399640 0.743070 0.021589 0.029067
2 0.463378 0.763973 0.019133 0.039432
2 0.616640 0.554617 0.022963 0.036471
2 0.315429 0.410961 0.017894 0.057145
2 0.391152 0.274542 0.012228 0.037561
2 0.788125 0.451790 0.020463 0.028522
2 0.402734 0.248433 0.014380 0.039853
2 0.439784 0.454479 0.010801 0.024708
2 0.473133 0.519185 0.012293 0.042477
2 0.373932 0.224853 0.013743 0.051912
2 0.026836 0.491179 0.035176 0.026949
2 0.603731 0.601726 0.012495 0.041821
2 0.534568 0.612840 0.016751 0.042398
2 0.314365 0.564624 0.012080 0.023010
2 0.609042 0.907676 0.012170 0.018482
2 0.460256 0.264861 0.056832 0.107357
2 0.870094 0.948095 0.029266 0.030016
2 0.502032 0.917442 0.027073 0.034688
2 0.586490 0.594370 0.016245 0.033119
2 0.407013 0.350706 0.009147 0.024738
2 0.319052 0.535007 0.011617 0.022210
2 0.281578 0.201036 0.012226 0.020788
2 0.089643 0.523158 0.018667 0.013824
2 0.730138 0.576244 0.053410 0.031401
2 0.603150 0.987434 0.013469 0.025321
2 0.434391 0.896982 0.039339 0.060101
2 0.471371 0.448505 0.009726 0.021732
2 0.571648 0.622969 0.009807 0.030483
2 0.804410 0.778715 0.017850 0.048957
2 0.255622 0.483549 0.021164 0.024173
2 0.308208 0.139117 0.010868 0.019998
2 0.595987 0.449258 0.008353 0.030590
2 0.277156 0.533299 0.015958 0.017855
2 0.388061 0.695977 0.016084 0.038457
