0 0.340585 0.405366 0.005818 0.024644
0 0.379137 0.583372 0.005441 0.022088
0 0.552396 0.440888 0.005947 0.021258
0 0.660352 0.573040 0.006103 0.027159
0 0.458076 0.661095 0.005474 0.023776
0 0.434694 0.685779 0.006046 0.021062
0 0.296762 0.542111 0.004957 0.018189
0 0.540209 0.563459 0.006588 0.021987
0 0.490472 0.802847 0.004660 0.021373
0 0.652178 0.561185 0.008792 0.030180
0 0.457573 0.714999 0.005682 0.024989
0 0.467989 0.422217 0.005013 0.022239
0 0.616137 0.591365 0.006915 0.025663
0 0.188664 0.621944 0.003995 0.014874
0 0.725304 0.412112 0.006629 0.021845
0 0.416105 0.407698 0.006512 0.032708
0 0.576496 0.435976 0.005470 0.019124
0 0.530752 0.480324 0.005934 0.021666
0 0.557764 0.521374 0.005451 0.018749
0 0.567404 0.714415 0.007496 0.026417
0 0.557204 0.417612 0.004512 0.018899
0 0.694558 0.541944 0.008747 0.021765
0 0.679207 0.544377 0.009332 0.037661
0 0.591200 0.700056 0.005169 0.018085
0 0.418854 0.683677 0.004539 0.020555
0 0.464080 0.424856 0.007926 0.025008
0 0.696716 0.426637 0.005245 0.017490
0 0.372030 0.638674 0.005781 0.022139
0 0.322509 0.215786 0.004855 0.020732
0 0.472055 0.814316 0.004819 0.018498
0 0.502340 0.695942 0.006952 0.026168
0 0.496805 0.788995 0.006723 0.018613
0 0.562249 0.432787 0.004919 0.019386
0 0.593220 0.872862 0.005624 0.019240
0 0.870319 0.537920 0.007196 0.026013
0 0.387796 0.387742 0.005306 0.019559
0 0.561276 0.483577 0.005369 0.017803
0 0.705057 0.769140 0.006120 0.026744
0 0.468849 0.803187 0.004489 0.021580
0 0.709559 0.550837 0.005240 0.026187
0 0.508995 0.849899 0.005729 0.018871
0 0.359377 0.353340 0.006095 0.029518
0 0.791961 0.540667 0.005072 0.018468
0 0.583287 0.897374 0.006702 0.018861
0 0.711633 0.412290 0.006899 0.024598
0 0.178744 0.617459 0.005313 0.018442
0 0.585613 0.739202 0.008239 0.039507
0 0.408646 0.690189 0.006817 0.030569
0 0.448725 0.769489 0.005031 0.019065
0 0.698288 0.550406 0.006961 0.023138
0 0.787521 0.546606 0.009738 0.024377
2 0.501993 0.917491 0.027277 0.034375
3 0.773305 0.461008 0.011874 0.014047
3 0.308229 0.139365 0.011046 0.020370
3 0.310565 0.565558 0.012277 0.022994
3 0.276895 0.534321 0.016199 0.016795
2 0.342226 0.666840 0.020151 0.046521
3 0.281602 0.201588 0.012152 0.021053
2 0.576558 0.478312 0.032049 0.037007
3 0.280527 0.513987 0.012015 0.018432
3 0.616287 0.553144 0.021990 0.032864
3 0.128983 0.510747 0.014625 0.016352
3 0.965249 0.449292 0.013984 0.017851
2 0.307805 0.487182 0.026983 0.042125
3 0.392825 0.280601 0.009488 0.026639
3 0.708225 0.508800 0.014387 0.017993
2 0.214908 0.765749 0.018319 0.055298
3 0.789642 0.452350 0.017660 0.028365
3 0.600917 0.449027 0.018545 0.031342
3 0.590796 0.499182 0.022543 0.014037
3 0.329838 0.597529 0.007152 0.031995
3 0.408794 0.354238 0.008583 0.024436
3 0.603723 0.601943 0.012463 0.041566
3 0.441754 0.457888 0.010740 0.024529
3 0.375230 0.693713 0.014707 0.027836
3 0.768493 0.549313 0.010882 0.020416
3 0.543961 0.484514 0.016611 0.034252
3 0.254006 0.481392 0.019132 0.018515
2 0.026696 0.491772 0.035012 0.024860
3 0.473561 0.521093 0.011925 0.043238
3 0.166709 0.492793 0.011300 0.013938
3 0.721183 0.467825 0.010876 0.012312
2 0.591763 0.659898 0.015076 0.051960
2 0.870018 0.948651 0.029091 0.030593
3 0.183522 0.577915 0.014202 0.018576
3 0.606711 0.678850 0.014857 0.023953
3 0.385954 0.529274 0.015595 0.027660
3 0.120458 0.584320 0.010760 0.016320
3 0.832723 0.498528 0.013182 0.022529
3 0.723254 0.429770 0.012692 0.017458
3 0.736776 0.514290 0.014680 0.020348
3 0.768450 0.549693 0.010993 0.021469
3 0.746160 0.411930 0.011100 0.017471
3 0.965249 0.449292 0.013984 0.017851
3 0.773281 0.460980 0.011923 0.014104
3 0.708198 0.509427 0.014452 0.019210
3 0.594169 0.911683 0.008427 0.019798
3 0.877311 0.440155 0.012254 0.020570
3 0.340854 0.303436 0.005913 0.027508
3 0.583287 0.897374 0.006702 0.018861
3 0.787880 0.546291 0.009510 0.024105
3 0.902659 0.545021 0.013116 0.030051
3 0.120458 0.586808 0.010760 0.022260
3 0.567404 0.714415 0.007496 0.026417
3 0.891825 0.531378 0.013800 0.017606
3 0.372030 0.638879 0.005781 0.022550
3 0.652255 0.561429 0.008477 0.029909
3 0.679030 0.547887 0.009602 0.031199
3 0.310565 0.565558 0.012277 0.022994
3 0.930739 0.538175 0.013527 0.025509
3 0.441741 0.458023 0.010665 0.024260
3 0.731089 0.546549 0.016299 0.022854
3 0.296762 0.542140 0.004957 0.018145
3 0.988348 0.485200 0.015414 0.021043
3 0.874679 0.501264 0.013820 0.021305
3 0.779989 0.424971 0.011999 0.013434
3 0.340763 0.407622 0.004060 0.016933
3 0.554953 0.614718 0.007848 0.026245
3 0.280545 0.513984 0.011979 0.018280
3 0.359454 0.354400 0.006249 0.029441
3 0.948957 0.541929 0.009051 0.020746
3 0.285429 0.178805 0.004833 0.011592
3 0.502221 0.694523 0.005732 0.028648
3 0.594299 0.878868 0.008417 0.029178
3 0.555927 0.609648 0.005820 0.019244
3 0.321037 0.534396 0.012533 0.022418
3 0.415847 0.412737 0.005250 0.021481
3 0.669038 0.568527 0.010026 0.023640
3 0.816312 0.542451 0.007627 0.025087
3 0.742080 0.533893 0.011518 0.023804
3 0.721328 0.467793 0.010954 0.012439
3 0.801301 0.542923 0.007265 0.025443
3 0.725304 0.412112 0.006629 0.021845
3 0.695802 0.543966 0.011213 0.025809
3 0.969984 0.531913 0.015516 0.022302
3 0.615555 0.594487 0.005665 0.020433
3 0.835301 0.761391 0.010928 0.024395
3 0.701993 0.417117 0.008663 0.017228
3 0.562768 0.624471 0.006759 0.022399
3 0.684241 0.564619 0.009427 0.014588
3 0.856707 0.530335 0.009620 0.021239
3 0.472906 0.450690 0.009504 0.021909
3 0.238367 0.495721 0.013798 0.018801
3 0.763278 0.418098 0.010396 0.020731
3 0.582327 0.545500 0.005741 0.013918
3 0.192132 0.615689 0.009241 0.015620
3 0.461834 0.747207 0.011439 0.013668
3 0.967869 0.427129 0.014139 0.019847
3 0.791633 0.436494 0.011205 0.012892
3 0.123853 0.528964 0.012621 0.018369
3 0.933395 0.524606 0.013182 0.010311
3 0.606026 0.720350 0.013080 0.028019
3 0.451349 0.629597 0.009988 0.023613
3 0.182579 0.615529 0.013449 0.023065
5 0.322665 0.809950 0.111997 0.064926
5 0.323573 0.309774 0.012380 0.061156
5 0.315479 0.410996 0.017840 0.057166
5 0.316830 0.264687 0.012498 0.059269
5 0.441694 0.529995 0.053008 0.093815
5 0.342226 0.666840 0.020151 0.046521
5 0.235562 0.519115 0.027602 0.029281
5 0.616854 0.555044 0.022872 0.036701
5 0.188601 0.515375 0.030954 0.033838
5 0.543830 0.484656 0.016680 0.034503
2 0.307701 0.486692 0.027503 0.043839
2 0.325195 0.354538 0.014456 0.059079
2 0.188416 0.514938 0.031325 0.034642
2 0.235714 0.509662 0.028710 0.046801
2 0.400331 0.632165 0.018452 0.032845
2 0.341853 0.666571 0.021089 0.047003
7 0.657341 0.931015 0.080205 0.136969
2 0.575905 0.479695 0.033353 0.040297
2 0.214908 0.765594 0.018319 0.054988
2 0.341757 0.200832 0.012100 0.048953
2 0.323314 0.309795 0.012898 0.061112
2 0.385851 0.536388 0.016182 0.042576
2 0.592142 0.659750 0.016021 0.053372
2 0.496974 0.435575 0.024362 0.048760
2 0.723570 0.455839 0.019524 0.035188
2 0.351645 0.582984 0.018234 0.033551
2 0.553179 0.578100 0.016810 0.043778
2 0.518366 0.449555 0.018384 0.032167
2 0.314746 0.189513 0.013539 0.036359
2 0.351476 0.700230 0.025629 0.057403
2 0.502536 0.525545 0.019664 0.050723
2 0.343643 0.352535 0.009434 0.047741
2 0.375230 0.693713 0.014707 0.027836
2 0.750111 0.454523 0.020835 0.033118
2 0.316844 0.264767 0.012530 0.059193
2 0.315486 0.411072 0.017854 0.056907
2 0.543956 0.484251 0.017119 0.035313
2 0.026696 0.490984 0.035012 0.026833
2 0.463483 0.762521 0.019459 0.044184
2 0.789951 0.452350 0.021021 0.028365
2 0.616791 0.555044 0.022998 0.036701
2 0.535407 0.614041 0.016813 0.041133
2 0.399448 0.743283 0.021160 0.029037
2 0.473539 0.521093 0.011969 0.043238
2 0.642216 0.470836 0.023759 0.031196
2 0.401810 0.247527 0.012882 0.040012
2 0.175050 0.482985 0.031439 0.035201
2 0.460385 0.264806 0.057182 0.107816
2 0.374072 0.229833 0.012969 0.054051
2 0.392825 0.280601 0.009488 0.026639
2 0.501993 0.917491 0.027277 0.034375
2 0.603723 0.601917 0.012463 0.041912
2 0.870018 0.948651 0.029091 0.030593
2 0.609061 0.907581 0.012113 0.018061
2 0.280527 0.513987 0.012015 0.018432
2 0.441754 0.457888 0.010740 0.024529
2 0.310551 0.565667 0.012249 0.022776
2 0.729918 0.576483 0.054019 0.031193
2 0.281602 0.201588 0.012152 0.021053
2 0.308229 0.139365 0.011046 0.020370
2 0.408794 0.354238 0.008583 0.024436
2 0.586280 0.608027 0.023381 0.060238
2 0.335645 0.595379 0.018564 0.028708
2 0.643900 0.329701 0.066848 0.111525
2 0.434051 0.900139 0.038472 0.054906
2 0.388255 0.695647 0.016656 0.037983
2 0.137704 0.483706 0.019678 0.026866
2 0.093420 0.523430 0.020901 0.015063
2 0.472906 0.450690 0.009504 0.021909
