0 0.464911 0.418246 0.007870 0.024875
0 0.459924 0.660016 0.004782 0.021514
0 0.549500 0.439483 0.005645 0.022549
0 0.377076 0.581470 0.007368 0.023556
0 0.538414 0.559823 0.006629 0.023818
0 0.467961 0.801953 0.004846 0.022254
0 0.725239 0.412300 0.006634 0.023525
0 0.461252 0.423106 0.004963 0.020555
0 0.473415 0.815872 0.005439 0.020397
0 0.293893 0.540172 0.004077 0.019068
0 0.489663 0.800063 0.004782 0.020055
0 0.616514 0.592580 0.006974 0.026550
0 0.417049 0.408568 0.008575 0.025650
0 0.660668 0.573155 0.006048 0.026646
0 0.340838 0.410824 0.006827 0.022393
0 0.435755 0.689374 0.005966 0.021796
0 0.563237 0.431756 0.007190 0.020704
0 0.711775 0.412206 0.007020 0.024968
0 0.530297 0.477513 0.006175 0.019492
0 0.556961 0.417483 0.004726 0.017948
0 0.654861 0.558980 0.008877 0.030366
0 0.414548 0.667318 0.004092 0.017468
0 0.565700 0.695074 0.007723 0.024822
0 0.509780 0.853175 0.005129 0.022295
0 0.415325 0.405333 0.004747 0.019147
0 0.371524 0.638322 0.006977 0.024781
0 0.188627 0.621837 0.003622 0.015064
0 0.418780 0.683493 0.005341 0.020691
0 0.591912 0.700074 0.005311 0.019449
0 0.455263 0.714927 0.010421 0.024489
0 0.573324 0.436765 0.005255 0.018629
0 0.408639 0.690064 0.007171 0.029319
0 0.709456 0.550530 0.005599 0.027576
0 0.502876 0.707159 0.007457 0.030077
0 0.554421 0.492249 0.008314 0.028007
0 0.696432 0.425652 0.005801 0.018658
0 0.557747 0.521404 0.005747 0.018260
0 0.387659 0.385477 0.006230 0.019808
0 0.504017 0.431819 0.005440 0.024276
0 0.436715 0.661446 0.007451 0.021285
0 0.703133 0.404779 0.006682 0.016187
0 0.449222 0.769264 0.004573 0.019226
0 0.496744 0.789130 0.006783 0.018629
0 0.398294 0.668815 0.004596 0.021618
0 0.870182 0.537297 0.007136 0.026433
0 0.589988 0.725282 0.005483 0.019077
0 0.705084 0.768724 0.006260 0.026211
0 0.361176 0.367099 0.005276 0.020261
0 0.433751 0.444045 0.010885 0.024313
0 0.546237 0.846387 0.005253 0.018927
0 0.466203 0.441293 0.009669 0.022480
0 0.697955 0.548246 0.009274 0.033473
0 0.536667 0.694010 0.007961 0.026540
0 0.859640 0.529980 0.010111 0.021750
0 0.346775 0.726795 0.003812 0.012959
0 0.710075 0.762287 0.007983 0.028944
0 0.765348 0.411209 0.007410 0.032327
0 0.400809 0.338376 0.009288 0.024808
2 0.501835 0.916862 0.027012 0.034963
2 0.300926 0.493246 0.029467 0.043934
3 0.276959 0.532142 0.017447 0.021368
3 0.308126 0.139333 0.010758 0.020890
3 0.281384 0.200733 0.012227 0.021258
3 0.557485 0.603080 0.007615 0.024857
3 0.769386 0.460547 0.011561 0.014275
2 0.342039 0.666326 0.020073 0.047121
3 0.603616 0.601384 0.012399 0.041130
3 0.254162 0.480561 0.019775 0.016799
2 0.591562 0.659325 0.015110 0.053938
2 0.496029 0.511392 0.019825 0.050408
3 0.552192 0.575319 0.015427 0.034135
3 0.495338 0.443701 0.018093 0.032112
3 0.325740 0.562425 0.012633 0.023355
3 0.269075 0.512169 0.012129 0.014578
3 0.518366 0.449586 0.018582 0.031875
3 0.743585 0.454623 0.021084 0.033090
3 0.375288 0.692896 0.015046 0.027373
2 0.715392 0.456726 0.020477 0.037908
3 0.472011 0.512727 0.012968 0.042750
3 0.775905 0.769645 0.013240 0.020393
3 0.312510 0.535137 0.011858 0.017980
3 0.601058 0.448390 0.018695 0.031016
3 0.459026 0.636666 0.009743 0.022567
3 0.229075 0.517576 0.027384 0.027072
3 0.803558 0.763761 0.017767 0.022503
3 0.391323 0.538459 0.014960 0.027223
2 0.214703 0.764905 0.017702 0.056666
3 0.434577 0.445270 0.010090 0.024675
3 0.401057 0.338126 0.007890 0.024798
3 0.616360 0.553072 0.022231 0.033980
3 0.329865 0.597267 0.007074 0.033213
3 0.084699 0.523566 0.017881 0.014343
2 0.184692 0.515268 0.030831 0.033564
2 0.178055 0.482585 0.024016 0.035301
3 0.511860 0.418905 0.011357 0.019247
3 0.021938 0.491741 0.025139 0.022953
3 0.262149 0.534823 0.010951 0.018033
2 0.570221 0.481410 0.034744 0.042611
3 0.315565 0.400884 0.017540 0.037192
3 0.768479 0.549091 0.010888 0.020983
3 0.668752 0.567031 0.009817 0.021587
3 0.783418 0.450900 0.019543 0.026700
3 0.692166 0.689000 0.012221 0.016377
2 0.870120 0.947645 0.029297 0.030189
3 0.341945 0.207059 0.011868 0.039583
3 0.207868 0.474451 0.012322 0.012698
3 0.253802 0.497726 0.016840 0.021691
3 0.120254 0.513417 0.013804 0.019398
3 0.725659 0.429708 0.012367 0.024653
3 0.339954 0.319764 0.005755 0.028022
3 0.746248 0.411117 0.011694 0.018264
3 0.721604 0.510033 0.014696 0.023561
3 0.312536 0.535416 0.012007 0.019485
3 0.768445 0.549433 0.011019 0.021889
3 0.681486 0.546719 0.010595 0.033979
3 0.750414 0.510162 0.014487 0.017928
3 0.466073 0.440555 0.010522 0.023956
3 0.340709 0.410641 0.005887 0.022028
3 0.668852 0.568291 0.010016 0.024107
3 0.696838 0.546250 0.011357 0.032833
3 0.197442 0.578906 0.013897 0.021058
3 0.741593 0.462131 0.015639 0.017926
3 0.325740 0.562425 0.012633 0.023355
3 0.779874 0.423856 0.012080 0.014127
3 0.730836 0.547091 0.016646 0.023843
3 0.371995 0.638495 0.005708 0.022491
3 0.788315 0.544861 0.010142 0.024725
3 0.744388 0.531949 0.011894 0.028610
3 0.538562 0.559061 0.006332 0.022293
3 0.702269 0.416475 0.009040 0.016942
3 0.417295 0.408624 0.008613 0.023599
3 0.638404 0.591266 0.013848 0.023323
3 0.565700 0.694886 0.007723 0.025260
3 0.186088 0.615167 0.020814 0.023504
3 0.582481 0.544709 0.006177 0.015412
3 0.433965 0.444748 0.011314 0.025718
3 0.763253 0.416991 0.010989 0.021309
3 0.125823 0.593094 0.011165 0.021066
3 0.683539 0.560819 0.011597 0.021717
3 0.338099 0.268060 0.006560 0.034374
3 0.455263 0.714927 0.010421 0.024489
3 0.710998 0.469106 0.011688 0.014136
3 0.338204 0.259924 0.006086 0.019841
3 0.586392 0.743283 0.011583 0.026349
3 0.801135 0.542684 0.007245 0.025040
3 0.867702 0.440715 0.011841 0.021599
3 0.616452 0.592622 0.006850 0.026465
3 0.816219 0.542186 0.007616 0.024956
3 0.234858 0.494668 0.013407 0.018722
3 0.566988 0.535021 0.009895 0.020843
3 0.285324 0.178481 0.004950 0.012111
3 0.110951 0.531922 0.012695 0.014362
3 0.556204 0.420036 0.003577 0.012958
3 0.769400 0.460515 0.011615 0.014340
3 0.946724 0.449363 0.014285 0.019112
3 0.582807 0.890987 0.006841 0.018129
3 0.696432 0.425652 0.005801 0.018658
3 0.593327 0.882113 0.004242 0.014489
3 0.530297 0.477524 0.006175 0.019470
3 0.459026 0.636666 0.009743 0.022567
3 0.572054 0.453432 0.004569 0.014857
3 0.655018 0.559096 0.008334 0.026598
3 0.888055 0.501236 0.013529 0.020679
3 0.711397 0.414946 0.005606 0.019282
3 0.563399 0.431756 0.006867 0.020704
3 0.725239 0.412300 0.006634 0.023525
3 0.503075 0.707832 0.006048 0.028731
3 0.562023 0.618043 0.006644 0.024707
3 0.854356 0.495360 0.009441 0.022658
3 0.340025 0.313551 0.005446 0.018424
3 0.438050 0.625283 0.008238 0.023926
3 0.787085 0.433126 0.011982 0.018407
3 0.760526 0.447743 0.005401 0.019402
5 0.316905 0.264613 0.012665 0.059133
5 0.323506 0.309344 0.012593 0.060505
5 0.229063 0.517843 0.027488 0.027670
5 0.322068 0.809728 0.110803 0.065862
5 0.441417 0.529658 0.053247 0.093704
5 0.314745 0.188668 0.013484 0.036930
5 0.616742 0.554625 0.022633 0.037022
5 0.315491 0.410546 0.018064 0.058013
5 0.657632 0.931004 0.079262 0.137494
5 0.372552 0.212279 0.013976 0.053700
5 0.342039 0.666326 0.020073 0.047121
2 0.300926 0.493356 0.029467 0.044198
2 0.325353 0.353772 0.014633 0.060020
2 0.229763 0.513903 0.030580 0.038797
2 0.184243 0.514217 0.032521 0.036119
2 0.341920 0.666195 0.020483 0.047316
2 0.570221 0.481410 0.034744 0.042611
7 0.657632 0.930892 0.079262 0.137271
2 0.323189 0.309344 0.013226 0.060505
2 0.391292 0.538846 0.015186 0.027990
2 0.214703 0.764754 0.017702 0.056364
2 0.519541 0.439492 0.023507 0.051898
2 0.315353 0.410475 0.018340 0.058118
2 0.495997 0.511219 0.020006 0.050501
2 0.400185 0.631953 0.018181 0.032686
2 0.591995 0.659325 0.015976 0.053938
2 0.343822 0.362187 0.009479 0.048862
2 0.351687 0.699020 0.025129 0.056592
2 0.335911 0.599063 0.019109 0.037992
2 0.025482 0.490604 0.032486 0.025332
2 0.316905 0.264613 0.012665 0.059133
2 0.314745 0.188668 0.013484 0.036930
2 0.539470 0.487457 0.017055 0.033804
2 0.463296 0.763118 0.018598 0.041199
2 0.359858 0.586230 0.018397 0.034319
2 0.342220 0.213438 0.012582 0.052903
2 0.375288 0.692896 0.015046 0.027373
2 0.532889 0.607628 0.016872 0.041633
2 0.495645 0.435349 0.024109 0.048816
2 0.401962 0.247335 0.013174 0.038986
2 0.715642 0.454396 0.019978 0.038932
2 0.094514 0.596284 0.029922 0.032920
2 0.398848 0.742712 0.020481 0.029134
2 0.140053 0.484075 0.022886 0.027088
2 0.552363 0.582225 0.017967 0.048617
2 0.472011 0.512579 0.012968 0.043046
2 0.616652 0.554609 0.022814 0.037054
2 0.372552 0.212279 0.013976 0.053700
2 0.387399 0.255670 0.014870 0.058955
2 0.178050 0.483943 0.024265 0.038018
2 0.603616 0.601431 0.012399 0.041495
2 0.743585 0.454623 0.021084 0.033090
2 0.586244 0.594411 0.016676 0.032934
2 0.269324 0.556592 0.020873 0.034934
2 0.209942 0.663769 0.047572 0.071834
2 0.633248 0.471418 0.022859 0.031657
2 0.434601 0.445349 0.010155 0.024833
2 0.803967 0.778344 0.017603 0.049961
2 0.870120 0.947645 0.029297 0.030189
2 0.458697 0.249976 0.061391 0.141109
2 0.401057 0.338126 0.007890 0.024798
2 0.730026 0.575985 0.053204 0.031891
2 0.277228 0.532035 0.016477 0.021155
2 0.568158 0.301008 0.055254 0.066288
2 0.609000 0.907357 0.012127 0.018020
2 0.501835 0.916862 0.027012 0.034963
2 0.282787 0.069809 0.008620 0.034994
2 0.510383 0.099040 0.042486 0.077505
2 0.381243 0.745497 0.019730 0.031696
2 0.387981 0.695690 0.015917 0.039011
2 0.281399 0.200671 0.012196 0.021133
2 0.591409 0.810149 0.015372 0.039343
2 0.783418 0.450900 0.019543 0.026700
2 0.603567 0.987184 0.014370 0.025791
2 0.466123 0.566629 0.017507 0.032742
2 0.325705 0.561098 0.012350 0.020686
2 0.312536 0.535416 0.012007 0.019485
