0 0.299013 0.543900 0.004884 0.019884
0 0.379702 0.586195 0.005502 0.023617
0 0.412962 0.414292 0.005610 0.024358
0 0.463337 0.431269 0.004409 0.021234
0 0.188780 0.621935 0.003976 0.015086
0 0.469013 0.426137 0.004732 0.021153
0 0.456536 0.659908 0.005810 0.022520
0 0.372111 0.638551 0.005521 0.022615
0 0.340621 0.398486 0.006095 0.023406
0 0.531669 0.483137 0.006805 0.021515
0 0.540680 0.569243 0.007665 0.021818
0 0.555635 0.440378 0.005305 0.021445
0 0.616272 0.590551 0.006858 0.026179
0 0.660553 0.572933 0.006445 0.027142
0 0.676822 0.547598 0.007826 0.029384
0 0.580749 0.434863 0.006204 0.019337
0 0.457491 0.714926 0.005568 0.025253
0 0.557825 0.521420 0.005537 0.018717
0 0.590530 0.698925 0.004443 0.018686
0 0.696606 0.426431 0.005254 0.017911
0 0.562207 0.432655 0.004896 0.019107
0 0.725460 0.412560 0.006609 0.023329
0 0.485473 0.926356 0.004135 0.016784
0 0.557117 0.417234 0.004200 0.017882
0 0.650325 0.565579 0.008050 0.024533
0 0.416063 0.396945 0.004778 0.019961
0 0.884566 0.427111 0.010294 0.019829
0 0.387132 0.387238 0.007305 0.018956
0 0.418894 0.683716 0.004760 0.019981
0 0.341077 0.277421 0.004941 0.013198
0 0.491597 0.807518 0.005606 0.020318
0 0.709677 0.550655 0.005568 0.026429
0 0.355996 0.281486 0.004463 0.022933
0 0.568247 0.736302 0.007877 0.024494
0 0.322720 0.220527 0.005853 0.020076
0 0.447688 0.769979 0.004008 0.019287
0 0.496747 0.788915 0.006746 0.018495
0 0.432227 0.682563 0.004870 0.020313
0 0.469618 0.807885 0.005379 0.026599
0 0.356235 0.338493 0.005623 0.022229
0 0.870395 0.537707 0.007068 0.025652
0 0.178751 0.616876 0.005139 0.019088
0 0.594461 0.915429 0.007528 0.019352
0 0.711780 0.412285 0.007134 0.025683
0 0.236673 0.496297 0.005717 0.017503
0 0.575693 0.833931 0.005562 0.021040
0 0.568069 0.479280 0.005271 0.018327
0 0.397704 0.692597 0.005679 0.031025
0 0.508184 0.841945 0.006210 0.022675
0 0.590964 0.733193 0.005811 0.022146
0 0.501719 0.680333 0.006573 0.027707
0 0.355946 0.326570 0.005391 0.015264
0 0.584935 0.752674 0.005917 0.022664
0 0.705124 0.768770 0.005924 0.025996
0 0.563452 0.630269 0.006081 0.022461
0 0.410585 0.685064 0.005104 0.019898
0 0.552603 0.899034 0.006897 0.024762
0 0.566270 0.432056 0.004104 0.020383
0 0.556144 0.843641 0.004217 0.019841
0 0.553825 0.629734 0.007955 0.025644
0 0.181765 0.620512 0.005265 0.013523
0 0.409284 0.662845 0.005764 0.018289
0 0.647610 0.557316 0.005673 0.018582
0 0.546269 0.847244 0.005129 0.017974
2 0.501946 0.917429 0.027570 0.034252
3 0.295358 0.567335 0.012251 0.020876
3 0.293052 0.515783 0.012273 0.020441
3 0.238051 0.555107 0.014046 0.015900
3 0.308228 0.139896 0.011017 0.021314
3 0.275937 0.532599 0.019176 0.020103
3 0.778090 0.460446 0.012878 0.015485
3 0.518859 0.442304 0.016662 0.019179
3 0.281691 0.201538 0.012049 0.020583
3 0.800752 0.445069 0.016969 0.029237
3 0.450158 0.470168 0.010841 0.023960
3 0.168190 0.577377 0.013807 0.019848
2 0.342188 0.666755 0.020303 0.046624
2 0.315108 0.477927 0.027893 0.042912
3 0.549574 0.481455 0.017208 0.035311
3 0.616289 0.553085 0.021949 0.032601
3 0.007498 0.538564 0.014427 0.017368
3 0.418268 0.372441 0.008932 0.022921
3 0.474754 0.529116 0.011310 0.045889
3 0.192046 0.615683 0.009337 0.015507
3 0.555204 0.571612 0.017910 0.041322
2 0.581568 0.477890 0.034725 0.037123
2 0.215003 0.765793 0.018191 0.055146
3 0.496438 0.443731 0.018594 0.030394
3 0.313312 0.427736 0.012841 0.023778
2 0.591944 0.659737 0.015397 0.053422
3 0.262721 0.535229 0.011536 0.018161
3 0.335541 0.597080 0.018615 0.031977
3 0.380267 0.519010 0.015400 0.027581
3 0.602626 0.440582 0.016905 0.016670
3 0.375235 0.693637 0.014652 0.027992
2 0.192338 0.513352 0.031711 0.033819
3 0.254161 0.487349 0.019871 0.029853
3 0.022059 0.492738 0.024727 0.021809
3 0.328877 0.529086 0.008936 0.019392
3 0.141069 0.661729 0.008837 0.011375
2 0.870168 0.948275 0.028637 0.030319
3 0.510332 0.532532 0.015422 0.033013
3 0.326198 0.199941 0.010601 0.024726
3 0.538885 0.615406 0.015061 0.030275
3 0.114507 0.578758 0.010737 0.017792
3 0.609253 0.585166 0.021149 0.015730
3 0.137860 0.512967 0.013135 0.015582
3 0.265032 0.482953 0.007462 0.016221
3 0.341321 0.285860 0.006120 0.027567
3 0.720220 0.432409 0.011303 0.019463
3 0.336332 0.237793 0.006003 0.022303
3 0.733186 0.466625 0.012231 0.013745
3 0.778066 0.459861 0.012829 0.014314
3 0.330185 0.529038 0.011811 0.020060
3 0.568247 0.736302 0.007877 0.024494
3 0.563431 0.630269 0.006333 0.022461
3 0.693865 0.513635 0.014337 0.023760
3 0.768466 0.550224 0.010799 0.022245
3 0.788239 0.545496 0.009939 0.025237
3 0.479023 0.460865 0.009462 0.024154
3 0.372111 0.638734 0.005521 0.022982
3 0.553994 0.629426 0.006823 0.027059
3 0.584888 0.900213 0.008118 0.024656
3 0.356127 0.335887 0.006043 0.027441
3 0.594461 0.915429 0.007528 0.019352
3 0.450070 0.470157 0.010665 0.023879
3 0.114649 0.581085 0.011234 0.022762
3 0.580749 0.434863 0.006204 0.019337
3 0.583867 0.724159 0.007526 0.025903
3 0.160847 0.498603 0.011949 0.022726
3 0.425974 0.601338 0.007909 0.022229
3 0.746260 0.412092 0.011252 0.017520
3 0.554770 0.624094 0.005254 0.016803
3 0.182086 0.616632 0.011557 0.020116
3 0.285502 0.178949 0.004682 0.011748
3 0.722114 0.515991 0.013711 0.022548
3 0.508184 0.841945 0.006210 0.022675
3 0.355946 0.326570 0.005391 0.015264
3 0.676601 0.547965 0.007725 0.029670
3 0.322720 0.220527 0.005853 0.020076
3 0.409284 0.662845 0.005764 0.018289
3 0.191738 0.616718 0.012310 0.020498
3 0.668757 0.568795 0.009629 0.023491
3 0.702047 0.417144 0.008887 0.016965
3 0.755292 0.460872 0.012861 0.016679
3 0.442642 0.620564 0.010034 0.022405
3 0.582325 0.545414 0.005796 0.014134
3 0.295377 0.567183 0.012205 0.020197
3 0.540828 0.569198 0.006102 0.020598
3 0.239176 0.496251 0.011221 0.017670
3 0.995294 0.508428 0.009036 0.019073
3 0.816240 0.542648 0.007778 0.024605
3 0.789305 0.540378 0.009939 0.016733
3 0.638411 0.592696 0.012901 0.021677
3 0.293052 0.515593 0.012273 0.019842
3 0.501881 0.678887 0.005766 0.030296
3 0.367972 0.189991 0.005253 0.015212
3 0.418268 0.372441 0.008932 0.022921
3 0.711358 0.415391 0.005969 0.019591
3 0.341077 0.277421 0.004941 0.013198
5 0.555204 0.573542 0.017910 0.045605
5 0.322944 0.809488 0.112554 0.064763
5 0.616890 0.554965 0.022683 0.035989
5 0.323570 0.310067 0.012405 0.061480
5 0.341048 0.580250 0.020719 0.033036
5 0.315451 0.411113 0.017763 0.057250
5 0.442097 0.529945 0.051666 0.094166
5 0.657740 0.931789 0.078146 0.134979
5 0.316939 0.265108 0.012647 0.058796
5 0.215003 0.765793 0.018191 0.055146
5 0.549574 0.481455 0.017208 0.035311
5 0.582358 0.478624 0.033147 0.038836
7 0.657606 0.931259 0.080394 0.136456
2 0.315108 0.479401 0.027893 0.047175
2 0.400472 0.632329 0.018678 0.032924
2 0.380208 0.519291 0.015725 0.028157
2 0.192263 0.514479 0.032085 0.036628
2 0.342030 0.666440 0.020834 0.047184
2 0.341048 0.579991 0.020719 0.032479
2 0.242906 0.518057 0.029443 0.035839
2 0.215003 0.765429 0.018226 0.055241
2 0.581568 0.479353 0.034725 0.040849
2 0.325339 0.355420 0.014279 0.060724
2 0.518145 0.450288 0.018466 0.031267
2 0.323309 0.310021 0.012926 0.061177
2 0.592142 0.659737 0.015794 0.053422
2 0.495612 0.435369 0.021101 0.047117
2 0.549578 0.481406 0.017200 0.035201
2 0.375112 0.245852 0.015492 0.054434
2 0.335631 0.592775 0.018436 0.023367
2 0.351568 0.700207 0.024847 0.055811
2 0.401926 0.247539 0.014162 0.041402
2 0.616805 0.554457 0.022983 0.037004
2 0.316964 0.253938 0.012250 0.036387
2 0.538435 0.619482 0.016294 0.038988
2 0.474724 0.529116 0.011370 0.045889
2 0.399348 0.743673 0.021309 0.029857
2 0.463315 0.764769 0.019126 0.037978
2 0.394611 0.289651 0.012688 0.035633
2 0.026788 0.491524 0.036254 0.026630
2 0.315486 0.410879 0.017834 0.056781
2 0.314695 0.189303 0.013114 0.036062
2 0.509015 0.540994 0.019327 0.051612
2 0.343127 0.333872 0.009364 0.032570
2 0.375235 0.693637 0.014652 0.027992
2 0.555198 0.573542 0.017742 0.045605
2 0.341522 0.180298 0.013376 0.050194
2 0.609005 0.908017 0.012243 0.018748
2 0.603698 0.601679 0.012390 0.041612
2 0.255803 0.486733 0.023156 0.031086
2 0.756026 0.452890 0.020787 0.034197
2 0.585496 0.608491 0.024685 0.063748
2 0.870168 0.948275 0.028637 0.030319
2 0.651720 0.469923 0.023020 0.030422
2 0.454471 0.587426 0.021399 0.045836
2 0.378201 0.747553 0.026660 0.035329
2 0.501946 0.917429 0.027570 0.034252
2 0.731354 0.453140 0.020923 0.034484
2 0.729715 0.576652 0.054369 0.030862
2 0.800752 0.444115 0.016969 0.027329
2 0.570795 0.628730 0.011916 0.041963
2 0.103146 0.528849 0.022788 0.031082
2 0.450158 0.470168 0.010841 0.023960
2 0.281700 0.201538 0.011951 0.020583
2 0.603622 0.987514 0.014346 0.025315
2 0.308254 0.139796 0.010965 0.021114
2 0.174253 0.660280 0.032648 0.052511
2 0.272484 0.529682 0.028832 0.027039
2 0.806120 0.779404 0.016172 0.044494
2 0.828279 0.985252 0.020546 0.023989
2 0.293091 0.515815 0.012115 0.020378
2 0.238051 0.555063 0.014046 0.015812
2 0.326198 0.199941 0.010601 0.024726
2 0.179591 0.474157 0.018239 0.017665
2 0.388217 0.696218 0.016101 0.038465
2 0.456472 0.198895 0.020956 0.045097
