0 0.298645 0.544267 0.004645 0.019680
0 0.379611 0.585626 0.005437 0.024632
0 0.463269 0.431139 0.004291 0.020787
0 0.340546 0.399186 0.005272 0.022610
0 0.456643 0.660176 0.005938 0.022266
0 0.413335 0.412710 0.006566 0.027431
0 0.540457 0.568946 0.008029 0.022217
0 0.372077 0.638301 0.005488 0.022607
0 0.580621 0.434919 0.006193 0.019612
0 0.660523 0.572988 0.006359 0.027118
0 0.555451 0.440083 0.005479 0.021249
0 0.677072 0.547615 0.007779 0.029517
0 0.616203 0.590758 0.006892 0.026131
0 0.188751 0.621871 0.003950 0.015123
0 0.531522 0.483095 0.006695 0.021214
0 0.457496 0.714899 0.005544 0.025239
0 0.468902 0.425690 0.004687 0.020703
0 0.884341 0.427297 0.009764 0.021110
0 0.557827 0.521477 0.005498 0.018668
0 0.387971 0.387219 0.005429 0.019132
0 0.562209 0.432729 0.005407 0.019418
0 0.650538 0.565375 0.008073 0.024300
0 0.696590 0.426296 0.005208 0.018202
0 0.725460 0.412495 0.006612 0.023056
0 0.447736 0.769836 0.003818 0.019611
0 0.356553 0.340407 0.005347 0.022463
0 0.590616 0.699251 0.004439 0.018271
0 0.870358 0.537860 0.007001 0.025787
0 0.485636 0.926565 0.004104 0.016769
0 0.418894 0.683736 0.004653 0.019868
0 0.711792 0.412311 0.007193 0.025953
0 0.568223 0.734838 0.007463 0.024667
0 0.322571 0.220768 0.005817 0.019736
0 0.501714 0.681214 0.006347 0.028759
0 0.566318 0.432131 0.003941 0.020466
0 0.557554 0.416641 0.004685 0.018573
0 0.432329 0.682975 0.004768 0.019343
0 0.594261 0.915172 0.007242 0.019558
0 0.709697 0.550934 0.005589 0.026908
0 0.469758 0.808089 0.005532 0.026941
0 0.341003 0.279083 0.005098 0.014235
0 0.491485 0.807235 0.005723 0.020736
0 0.567514 0.480143 0.005257 0.018608
0 0.591022 0.733165 0.005862 0.022251
0 0.584494 0.752400 0.005933 0.022314
0 0.496731 0.788965 0.006709 0.018429
0 0.409208 0.663106 0.005563 0.018555
0 0.397715 0.692495 0.005667 0.030961
0 0.705101 0.768748 0.005993 0.026079
0 0.416099 0.397430 0.004580 0.019801
0 0.356119 0.327628 0.005006 0.015509
0 0.791882 0.540869 0.005201 0.018202
0 0.178833 0.616773 0.005341 0.019615
0 0.556149 0.843710 0.004154 0.019804
0 0.416611 0.371027 0.007531 0.022639
0 0.003103 0.629033 0.005693 0.024212
0 0.563458 0.630337 0.006306 0.022109
0 0.550657 0.630694 0.007529 0.022622
0 0.816216 0.542670 0.007509 0.024853
0 0.800172 0.543937 0.004412 0.023375
0 0.336090 0.220698 0.003797 0.011521
2 0.501996 0.917460 0.027439 0.034330
3 0.777549 0.460612 0.012698 0.015181
3 0.296319 0.567691 0.012315 0.021235
3 0.308237 0.139605 0.010965 0.020823
3 0.274153 0.529643 0.026564 0.026551
3 0.006561 0.539396 0.013122 0.017842
3 0.518272 0.449136 0.018115 0.033410
3 0.281675 0.201388 0.012081 0.020366
3 0.238656 0.555777 0.013827 0.016374
3 0.449399 0.469308 0.011050 0.024250
2 0.313615 0.478377 0.027964 0.041922
2 0.342189 0.666771 0.020211 0.046549
3 0.798828 0.451980 0.017807 0.026279
3 0.549006 0.481621 0.017075 0.034808
3 0.616339 0.553151 0.021832 0.032821
3 0.754943 0.451631 0.018934 0.030434
3 0.474688 0.529000 0.011332 0.044863
3 0.169329 0.577890 0.013787 0.020518
2 0.215045 0.765662 0.018401 0.055604
3 0.022014 0.492748 0.024894 0.022127
3 0.335553 0.597183 0.018610 0.032330
3 0.417566 0.370957 0.009078 0.021685
3 0.602643 0.440779 0.017087 0.017113
3 0.380709 0.519867 0.015505 0.027305
3 0.292177 0.515860 0.012347 0.021286
3 0.313377 0.427857 0.012956 0.023997
3 0.496444 0.443720 0.018637 0.030512
3 0.192011 0.615999 0.009386 0.015863
2 0.591931 0.659872 0.015336 0.053761
3 0.509755 0.531532 0.015646 0.033013
2 0.192009 0.513813 0.031612 0.035279
3 0.375241 0.693315 0.014597 0.027326
3 0.555040 0.571812 0.017883 0.040996
2 0.582268 0.477940 0.032146 0.037127
3 0.668979 0.567740 0.009410 0.021723
3 0.255629 0.486826 0.023454 0.030871
3 0.768477 0.549199 0.010651 0.020157
3 0.732419 0.466558 0.012194 0.013771
2 0.870118 0.948302 0.028818 0.030331
3 0.326047 0.200217 0.010879 0.024939
3 0.137060 0.530667 0.012780 0.016184
3 0.609265 0.585237 0.021082 0.015624
3 0.603702 0.601853 0.012356 0.041309
3 0.341223 0.287294 0.006133 0.026982
3 0.720318 0.432501 0.011428 0.019347
3 0.336496 0.238347 0.006061 0.023226
3 0.777549 0.460108 0.012698 0.014052
3 0.695072 0.513655 0.014638 0.023655
3 0.372077 0.638677 0.005488 0.023358
3 0.329580 0.529560 0.011820 0.020324
3 0.115031 0.582624 0.010969 0.024696
3 0.161161 0.499772 0.011762 0.020502
3 0.787674 0.549211 0.008741 0.018171
3 0.563429 0.630337 0.006534 0.022109
3 0.594261 0.915172 0.007242 0.019558
3 0.768446 0.550063 0.010714 0.021904
3 0.478632 0.460058 0.009283 0.024226
3 0.356424 0.336616 0.005718 0.030047
3 0.426348 0.601910 0.008064 0.021404
3 0.580621 0.434949 0.006193 0.019672
3 0.584725 0.899614 0.007838 0.024750
3 0.553972 0.628605 0.006711 0.026305
3 0.732394 0.466617 0.012243 0.013889
3 0.186336 0.615438 0.020547 0.023022
3 0.298512 0.546520 0.004236 0.014734
3 0.676513 0.551108 0.007382 0.023538
3 0.285473 0.179025 0.004752 0.011854
3 0.192011 0.615999 0.009386 0.015863
3 0.584183 0.727251 0.007080 0.021189
3 0.568223 0.734838 0.007463 0.024667
3 0.508181 0.844800 0.006171 0.017032
3 0.296316 0.567405 0.012291 0.020615
3 0.554813 0.622971 0.005140 0.015549
3 0.746287 0.412244 0.011247 0.017514
3 0.169329 0.577890 0.013787 0.020518
3 0.136437 0.527286 0.013624 0.022778
3 0.292177 0.515805 0.012347 0.020547
3 0.449325 0.469076 0.011194 0.024627
3 0.322571 0.220768 0.005817 0.019736
3 0.711330 0.415856 0.005930 0.018880
3 0.409208 0.663106 0.005563 0.018555
3 0.582323 0.545282 0.005695 0.014563
3 0.816202 0.542637 0.007520 0.024636
3 0.789282 0.540479 0.009981 0.016895
3 0.801269 0.548198 0.005741 0.014998
3 0.442892 0.620921 0.010986 0.022968
3 0.722989 0.515638 0.013035 0.021560
3 0.684289 0.565290 0.009532 0.013410
3 0.501920 0.680307 0.005996 0.029492
3 0.835364 0.761111 0.010922 0.024572
3 0.665562 0.570154 0.016225 0.024434
3 0.557534 0.602511 0.006418 0.021689
3 0.484887 0.855922 0.008641 0.022148
3 0.408916 0.699792 0.010007 0.018411
3 0.594203 0.882355 0.007104 0.030432
3 0.754504 0.461645 0.012625 0.016157
3 0.540714 0.569030 0.006089 0.020172
3 0.455389 0.715251 0.010165 0.024773
3 0.341003 0.279083 0.005098 0.014235
5 0.555040 0.573845 0.017883 0.045547
5 0.549006 0.481777 0.017075 0.035120
5 0.323531 0.310076 0.012467 0.061501
5 0.616919 0.554871 0.022774 0.036408
5 0.322813 0.809684 0.112293 0.065011
5 0.342927 0.580507 0.018516 0.033474
5 0.315432 0.411295 0.017714 0.057240
5 0.192329 0.515445 0.031024 0.034286
5 0.317002 0.253737 0.012091 0.036399
5 0.442001 0.530059 0.052017 0.093597
5 0.657689 0.931700 0.078199 0.135041
5 0.215045 0.765662 0.018401 0.055604
7 0.657593 0.931191 0.080231 0.136551
2 0.313638 0.479562 0.028849 0.046204
2 0.400382 0.632337 0.018611 0.032978
2 0.191968 0.514262 0.032004 0.036653
2 0.380617 0.520319 0.015816 0.028332
2 0.242597 0.517189 0.029627 0.035384
2 0.341944 0.666413 0.020938 0.047128
2 0.339638 0.583876 0.025093 0.041263
2 0.325268 0.355404 0.014386 0.060828
2 0.581151 0.478720 0.034379 0.039459
2 0.215034 0.765274 0.018389 0.055698
2 0.518236 0.450269 0.018578 0.031164
2 0.323229 0.309961 0.013072 0.060919
2 0.592270 0.659872 0.016015 0.053761
2 0.495600 0.435335 0.021736 0.047283
2 0.374817 0.244887 0.015995 0.055099
2 0.335662 0.599529 0.019009 0.037412
2 0.549006 0.481715 0.017075 0.034995
2 0.401738 0.247402 0.013529 0.040917
2 0.351605 0.700120 0.024745 0.055734
2 0.616865 0.554871 0.022882 0.036408
2 0.316948 0.253737 0.012200 0.036399
2 0.474639 0.529000 0.011429 0.044863
2 0.398996 0.743294 0.020603 0.029146
2 0.315475 0.411026 0.017800 0.056991
2 0.343147 0.334268 0.009181 0.031975
2 0.538131 0.620133 0.016198 0.041412
2 0.508490 0.539618 0.019266 0.050236
2 0.026830 0.491819 0.035967 0.026442
2 0.314654 0.188864 0.013051 0.035191
2 0.463589 0.763098 0.019779 0.043894
2 0.554958 0.573845 0.017608 0.045547
2 0.755561 0.453623 0.020170 0.034075
2 0.255629 0.486826 0.023454 0.030871
2 0.375241 0.693315 0.014597 0.027326
2 0.454844 0.587901 0.021083 0.044715
2 0.341964 0.180692 0.013550 0.047747
2 0.449399 0.469308 0.011050 0.024250
2 0.603702 0.601745 0.012356 0.041526
2 0.730482 0.453458 0.020334 0.034001
2 0.609071 0.908098 0.012404 0.018610
2 0.394634 0.288767 0.012479 0.035932
2 0.582654 0.611793 0.029899 0.072323
2 0.102416 0.530037 0.022283 0.032441
2 0.651182 0.468928 0.023167 0.028984
2 0.870118 0.948302 0.028818 0.030331
2 0.729736 0.576716 0.054294 0.030774
2 0.378138 0.747812 0.026663 0.035282
2 0.501996 0.917460 0.027439 0.034330
2 0.797499 0.451980 0.020464 0.026279
2 0.179776 0.474166 0.018610 0.017775
2 0.587401 0.428533 0.019717 0.030275
2 0.281660 0.201388 0.012038 0.020366
2 0.866478 0.814809 0.021793 0.039571
2 0.274153 0.529602 0.026564 0.026468
2 0.139338 0.482188 0.023180 0.024155
2 0.326047 0.200217 0.010879 0.024939
2 0.174081 0.660137 0.032797 0.052343
2 0.570829 0.628642 0.011882 0.042103
2 0.644605 0.322106 0.067892 0.128875
2 0.308237 0.139605 0.010965 0.020823
2 0.388233 0.696155 0.016040 0.038453
2 0.434427 0.901642 0.037501 0.055555
2 0.456516 0.199034 0.020802 0.044867
