0 0.378541 0.582438 0.005281 0.021558
0 0.539614 0.561715 0.007267 0.021722
0 0.660403 0.573182 0.005923 0.026871
0 0.490117 0.801403 0.004572 0.021705
0 0.340825 0.407575 0.004571 0.020894
0 0.416145 0.407525 0.006481 0.031136
0 0.551878 0.440325 0.005938 0.021173
0 0.458149 0.659798 0.005949 0.022480
0 0.465447 0.422528 0.009293 0.025522
0 0.468493 0.802831 0.004331 0.021365
0 0.530561 0.479171 0.005627 0.020955
0 0.188712 0.622132 0.003891 0.014716
0 0.472369 0.814677 0.004268 0.018668
0 0.435190 0.687772 0.004949 0.019825
0 0.576342 0.435485 0.006048 0.020047
0 0.616109 0.591697 0.006718 0.026180
0 0.725314 0.414995 0.006852 0.028436
0 0.433896 0.660619 0.004930 0.020926
0 0.567289 0.708127 0.007718 0.024894
0 0.509127 0.850331 0.005407 0.020601
0 0.502486 0.699129 0.006930 0.026243
0 0.557729 0.517823 0.005782 0.025273
0 0.556876 0.417427 0.004177 0.017339
0 0.457660 0.715068 0.005421 0.024648
0 0.591499 0.699749 0.005292 0.018371
0 0.462350 0.425586 0.005059 0.019821
0 0.562324 0.432410 0.005253 0.020122
0 0.371689 0.638185 0.007339 0.024446
0 0.696596 0.426284 0.005525 0.017833
0 0.418784 0.683590 0.004806 0.020500
0 0.496755 0.788908 0.006770 0.018361
0 0.296257 0.541484 0.005959 0.017803
0 0.360073 0.362127 0.006689 0.032559
0 0.653309 0.560787 0.008895 0.030228
0 0.693709 0.541239 0.006248 0.020618
0 0.178631 0.617916 0.005167 0.017216
0 0.711660 0.411737 0.007059 0.025197
0 0.680181 0.546382 0.009230 0.031645
0 0.408856 0.690354 0.007676 0.030612
0 0.585878 0.738045 0.008363 0.030633
0 0.870194 0.537695 0.007172 0.026469
0 0.703849 0.405328 0.007817 0.016990
0 0.709579 0.550597 0.005486 0.026732
0 0.448741 0.768987 0.004623 0.018640
0 0.181522 0.620370 0.004810 0.013718
0 0.787585 0.546351 0.009437 0.024927
0 0.546296 0.847052 0.004941 0.017874
0 0.698242 0.546696 0.006349 0.024092
0 0.387586 0.386858 0.005623 0.019944
0 0.709638 0.761989 0.007994 0.028373
0 0.470762 0.447360 0.009689 0.022399
0 0.322074 0.214158 0.004452 0.021227
0 0.594222 0.883599 0.004800 0.016204
2 0.502028 0.917302 0.027035 0.034817
2 0.305280 0.490484 0.029881 0.046076
3 0.277011 0.533180 0.015990 0.018532
3 0.747679 0.455096 0.020808 0.033022
3 0.281573 0.200705 0.012170 0.020303
3 0.276438 0.513677 0.012636 0.016620
2 0.342190 0.666693 0.020082 0.046511
3 0.518459 0.448790 0.018285 0.033005
3 0.308241 0.138954 0.010635 0.019814
3 0.771764 0.460917 0.011746 0.013692
3 0.262943 0.534546 0.011974 0.018430
3 0.253936 0.480678 0.018909 0.016997
3 0.406668 0.348596 0.009340 0.023768
3 0.124705 0.513055 0.012105 0.019658
3 0.600962 0.448432 0.018676 0.031455
3 0.315563 0.564065 0.012109 0.022429
3 0.439263 0.453461 0.010581 0.024932
3 0.787314 0.451956 0.020283 0.027960
2 0.026825 0.491507 0.034896 0.024556
3 0.603730 0.601774 0.012549 0.041452
3 0.567355 0.481439 0.018033 0.026475
2 0.214805 0.765483 0.017939 0.055361
3 0.375221 0.692927 0.014851 0.026656
3 0.616395 0.553374 0.022135 0.033197
3 0.595954 0.449239 0.008453 0.030754
2 0.870191 0.948036 0.029527 0.030292
3 0.387805 0.532690 0.015363 0.028606
2 0.315472 0.410765 0.017706 0.057197
3 0.089384 0.523089 0.018654 0.013914
3 0.188286 0.575802 0.014030 0.014547
3 0.511826 0.420744 0.013239 0.019911
3 0.802546 0.763363 0.016891 0.020318
3 0.245939 0.559627 0.013152 0.020439
3 0.496105 0.443451 0.018591 0.029688
2 0.591646 0.659725 0.014809 0.052302
3 0.724040 0.429060 0.012425 0.018650
3 0.740779 0.512212 0.013404 0.017876
3 0.712378 0.510212 0.015058 0.024745
3 0.836959 0.497633 0.009613 0.022887
3 0.746235 0.411749 0.011426 0.017957
3 0.879031 0.501149 0.013610 0.020988
3 0.340734 0.308989 0.006200 0.028283
3 0.680300 0.546236 0.009466 0.031938
3 0.337635 0.256379 0.006869 0.033361
3 0.771762 0.460946 0.011792 0.013710
3 0.768397 0.549498 0.010900 0.021785
3 0.122257 0.587172 0.010692 0.017135
3 0.593884 0.911278 0.007892 0.018585
3 0.696031 0.545228 0.011270 0.028599
3 0.892530 0.535236 0.013109 0.024996
3 0.788182 0.545421 0.009886 0.024996
3 0.667519 0.568700 0.013864 0.024502
3 0.567289 0.708334 0.007718 0.025308
3 0.653309 0.560787 0.008895 0.030228
3 0.730976 0.546732 0.016525 0.023422
3 0.285352 0.179075 0.004925 0.012190
3 0.317801 0.535044 0.012880 0.022545
3 0.958881 0.449159 0.014250 0.017704
3 0.315553 0.564129 0.012131 0.022993
3 0.780096 0.424393 0.012179 0.013904
3 0.371689 0.638185 0.007339 0.024446
3 0.747514 0.455492 0.020246 0.031742
3 0.555781 0.610147 0.007379 0.025240
3 0.930893 0.539873 0.013263 0.021766
3 0.948760 0.541689 0.009011 0.020252
3 0.308241 0.138954 0.010635 0.019814
3 0.595509 0.880272 0.008177 0.022859
3 0.562574 0.622692 0.006581 0.022793
3 0.901514 0.547366 0.012939 0.029313
3 0.615793 0.594690 0.006061 0.020903
3 0.191820 0.615460 0.009748 0.015351
3 0.702191 0.416847 0.008708 0.017032
3 0.725261 0.411969 0.006422 0.022384
3 0.718130 0.467391 0.010583 0.013298
3 0.582358 0.545081 0.006008 0.014656
3 0.296257 0.541475 0.005959 0.017597
3 0.236893 0.495260 0.012644 0.018786
3 0.337870 0.247107 0.006045 0.017927
3 0.439252 0.453399 0.010497 0.024807
3 0.326057 0.206462 0.011568 0.020999
3 0.801149 0.542682 0.007115 0.025746
3 0.816263 0.542335 0.007469 0.024547
3 0.582972 0.895631 0.006501 0.016708
3 0.992762 0.484449 0.014276 0.020588
3 0.763267 0.418067 0.010132 0.020489
3 0.711091 0.415449 0.005618 0.018130
3 0.696596 0.426270 0.005525 0.017807
3 0.684464 0.564568 0.009937 0.014515
3 0.742718 0.533692 0.012792 0.023566
3 0.933520 0.524775 0.012523 0.011588
3 0.969936 0.532094 0.014302 0.023489
3 0.559497 0.484674 0.006035 0.017863
3 0.188320 0.579557 0.014221 0.021313
3 0.576390 0.435668 0.006375 0.019336
3 0.760490 0.447592 0.005164 0.019690
3 0.638339 0.591954 0.013019 0.022528
3 0.470762 0.447360 0.009689 0.022399
3 0.857526 0.530397 0.010545 0.021837
3 0.360073 0.362127 0.006689 0.032559
3 0.567172 0.534976 0.009714 0.020744
3 0.585285 0.885645 0.005920 0.013643
3 0.872552 0.441296 0.009017 0.018718
5 0.323472 0.309553 0.012436 0.061274
5 0.315529 0.410592 0.017967 0.057756
5 0.441473 0.529416 0.053022 0.093091
5 0.187233 0.515460 0.031011 0.034186
5 0.322514 0.809669 0.111694 0.064752
5 0.316931 0.253460 0.012233 0.036683
5 0.657743 0.931587 0.077502 0.135516
5 0.342190 0.666693 0.020082 0.046511
5 0.314609 0.188142 0.013328 0.035086
5 0.639326 0.470602 0.022760 0.031182
5 0.552723 0.578116 0.016869 0.045739
5 0.616795 0.554914 0.022428 0.035888
2 0.325319 0.353974 0.014377 0.059167
2 0.305280 0.489908 0.029881 0.045632
7 0.657627 0.930884 0.079589 0.136996
2 0.232832 0.516473 0.029428 0.031051
2 0.400170 0.631698 0.018982 0.033757
2 0.342118 0.666614 0.020394 0.046654
2 0.187014 0.515091 0.031638 0.034925
2 0.387624 0.539552 0.015875 0.043212
2 0.315529 0.410592 0.017967 0.057756
2 0.341817 0.203836 0.012388 0.051376
2 0.354301 0.583629 0.018130 0.033465
2 0.343673 0.355546 0.009655 0.048372
2 0.214830 0.765118 0.018152 0.055627
2 0.323076 0.309524 0.013227 0.060958
2 0.591903 0.659548 0.015540 0.053973
2 0.573875 0.479655 0.034310 0.042410
2 0.496226 0.435673 0.023178 0.048259
2 0.335759 0.593564 0.018569 0.025625
2 0.314577 0.188142 0.013392 0.035086
2 0.316883 0.253460 0.012329 0.036683
2 0.518459 0.448701 0.018285 0.032828
2 0.375221 0.692927 0.014851 0.026656
2 0.552723 0.578119 0.016869 0.045746
2 0.639326 0.470602 0.022760 0.031182
2 0.351658 0.699436 0.025183 0.056473
2 0.500398 0.520635 0.019818 0.051370
2 0.542297 0.485712 0.017085 0.034702
2 0.747679 0.455120 0.020808 0.033070
2 0.439263 0.453461 0.010581 0.024932
2 0.721439 0.456605 0.019425 0.035498
2 0.026798 0.490701 0.034950 0.026168
2 0.463432 0.762276 0.019033 0.041512
2 0.399445 0.743019 0.021341 0.029114
2 0.403200 0.247966 0.015624 0.039850
2 0.390370 0.272254 0.013045 0.040207
2 0.616723 0.554817 0.022790 0.036083
2 0.374064 0.224120 0.013704 0.053151
2 0.460222 0.265217 0.056716 0.106516
2 0.609024 0.907674 0.012170 0.018504
2 0.603730 0.601755 0.012549 0.041705
2 0.472984 0.518495 0.012049 0.042534
2 0.787306 0.452004 0.020300 0.028055
2 0.406668 0.348596 0.009340 0.023768
2 0.502028 0.917302 0.027035 0.034817
2 0.870191 0.948036 0.029527 0.030292
2 0.535109 0.606076 0.015274 0.029576
2 0.730121 0.576184 0.053183 0.031626
2 0.586515 0.594292 0.016102 0.032979
2 0.179869 0.474307 0.019319 0.018784
2 0.603306 0.987363 0.013767 0.025412
2 0.804266 0.778553 0.018130 0.049227
2 0.281591 0.200551 0.012134 0.019995
2 0.315553 0.564129 0.012131 0.022993
2 0.381389 0.745325 0.019159 0.031248
2 0.140920 0.483743 0.024422 0.025930
2 0.308241 0.138954 0.010635 0.019814
2 0.571681 0.622885 0.009698 0.030178
2 0.434243 0.898016 0.039129 0.057473
