0 0.378340 0.582168 0.005453 0.021950
0 0.458847 0.659761 0.005060 0.023695
0 0.551353 0.440492 0.005600 0.022028
0 0.340962 0.409067 0.004745 0.020454
0 0.465385 0.421339 0.008849 0.024041
0 0.660389 0.573100 0.005966 0.026746
0 0.539337 0.561835 0.007544 0.022518
0 0.490095 0.800693 0.004767 0.021814
0 0.472662 0.814889 0.004381 0.019016
0 0.468291 0.802504 0.004378 0.022293
0 0.616230 0.591998 0.006687 0.026209
0 0.509439 0.850594 0.005598 0.021769
0 0.359998 0.364456 0.005908 0.032013
0 0.575711 0.435839 0.005665 0.020278
0 0.725347 0.412393 0.006334 0.023191
0 0.462026 0.425071 0.005298 0.019922
0 0.435273 0.689068 0.004646 0.018383
0 0.188742 0.622090 0.003866 0.014799
0 0.563193 0.431997 0.007175 0.020767
0 0.530618 0.478843 0.005975 0.020703
0 0.295570 0.541449 0.005435 0.017929
0 0.434759 0.660918 0.005761 0.021484
0 0.557645 0.517233 0.005808 0.026854
0 0.416135 0.407852 0.007099 0.029888
0 0.591602 0.699525 0.005254 0.019101
0 0.556897 0.417517 0.004352 0.017542
0 0.457639 0.714948 0.005307 0.024692
0 0.418825 0.683494 0.005089 0.020468
0 0.371642 0.638326 0.007322 0.024349
0 0.653807 0.561236 0.009793 0.032681
0 0.696517 0.426195 0.005709 0.017957
0 0.566861 0.705040 0.007818 0.024246
0 0.413081 0.666622 0.004591 0.019143
0 0.496752 0.789027 0.006649 0.018639
0 0.410218 0.685105 0.004764 0.018236
0 0.711603 0.411649 0.006876 0.024936
0 0.680915 0.542729 0.010028 0.037999
0 0.502421 0.699866 0.007351 0.028883
0 0.560437 0.581270 0.005177 0.022311
0 0.709655 0.550803 0.005754 0.026901
0 0.698181 0.548457 0.007554 0.027862
0 0.693078 0.540983 0.006069 0.020337
0 0.507015 0.985270 0.010043 0.029739
0 0.703384 0.410289 0.009383 0.027113
0 0.592781 0.870922 0.006306 0.018537
0 0.448811 0.768826 0.004564 0.018956
0 0.546252 0.846952 0.004998 0.018725
0 0.705182 0.768840 0.006389 0.026233
0 0.759678 0.738159 0.007664 0.021073
0 0.787270 0.546696 0.009182 0.024073
0 0.387543 0.386373 0.005981 0.019981
0 0.398396 0.668472 0.004382 0.019898
0 0.594144 0.882683 0.004936 0.016933
0 0.870208 0.537569 0.007103 0.026361
0 0.178640 0.617630 0.005337 0.017562
0 0.791793 0.540958 0.005302 0.018176
2 0.501952 0.917327 0.026788 0.035122
2 0.304608 0.491111 0.028382 0.045431
3 0.771249 0.460740 0.011686 0.014072
3 0.518460 0.448631 0.018273 0.032319
3 0.495961 0.444061 0.018909 0.030868
3 0.511451 0.421900 0.012342 0.021889
3 0.308243 0.139075 0.010610 0.019921
3 0.277073 0.533111 0.016027 0.019267
3 0.281498 0.200948 0.012148 0.020941
2 0.342137 0.666558 0.020105 0.046379
3 0.746562 0.454758 0.020220 0.033757
2 0.569058 0.483293 0.028102 0.032233
3 0.262449 0.534685 0.011102 0.017262
3 0.375239 0.692996 0.014908 0.026844
3 0.388618 0.534048 0.015420 0.027539
3 0.254290 0.482335 0.019904 0.019708
3 0.600890 0.448672 0.018664 0.031917
3 0.274977 0.512551 0.011300 0.014940
3 0.616389 0.553352 0.022116 0.033323
3 0.088263 0.524732 0.021232 0.017628
3 0.787767 0.449734 0.015497 0.026829
3 0.603693 0.601624 0.012507 0.041216
2 0.870167 0.947811 0.029440 0.029384
2 0.026162 0.491781 0.033774 0.024017
3 0.438071 0.451362 0.010609 0.024979
2 0.214770 0.765379 0.017843 0.055339
3 0.552591 0.574440 0.015779 0.035700
3 0.602446 0.439849 0.015324 0.013342
3 0.404922 0.345766 0.008250 0.023441
3 0.123438 0.513640 0.012329 0.020380
2 0.315507 0.410701 0.017659 0.057756
3 0.245412 0.559761 0.015695 0.020784
3 0.776024 0.769730 0.013092 0.020429
2 0.591601 0.659293 0.014971 0.053748
3 0.609038 0.907712 0.012119 0.018828
3 0.117748 0.531303 0.012560 0.013722
3 0.724367 0.429314 0.012346 0.018658
3 0.743322 0.510749 0.014149 0.016609
3 0.340546 0.310949 0.006307 0.028081
3 0.714606 0.511052 0.015359 0.023858
3 0.316928 0.535556 0.011952 0.021287
3 0.768360 0.549377 0.010751 0.021567
3 0.746327 0.411736 0.011529 0.017768
3 0.438071 0.451374 0.010480 0.024786
3 0.372007 0.638848 0.005785 0.022762
3 0.566767 0.704612 0.008005 0.025102
3 0.680935 0.546722 0.010068 0.031753
3 0.593906 0.910963 0.007839 0.018779
3 0.502565 0.704489 0.006145 0.022679
3 0.731118 0.546774 0.016843 0.023007
3 0.583044 0.893264 0.007227 0.018804
3 0.337885 0.265340 0.006210 0.022492
3 0.667570 0.568507 0.013490 0.024169
3 0.788038 0.545475 0.009708 0.024303
3 0.469797 0.446035 0.009282 0.022784
3 0.702230 0.416687 0.008772 0.016536
3 0.695902 0.545489 0.011962 0.029718
3 0.338038 0.250226 0.006066 0.018164
3 0.556242 0.608314 0.007418 0.025520
3 0.779758 0.424419 0.011566 0.013541
3 0.122509 0.586182 0.010566 0.013217
3 0.892954 0.535208 0.013294 0.025225
3 0.285332 0.178849 0.005077 0.011963
3 0.594144 0.882683 0.004936 0.016933
3 0.562281 0.621932 0.006436 0.023001
3 0.308243 0.139075 0.010610 0.019921
3 0.404922 0.345766 0.008250 0.023441
3 0.771263 0.460750 0.011656 0.014051
3 0.744393 0.462430 0.015297 0.017841
3 0.191722 0.615639 0.009775 0.015751
3 0.318075 0.563713 0.012401 0.023083
3 0.816176 0.542116 0.007484 0.024852
3 0.582344 0.544980 0.005961 0.014817
3 0.948805 0.541713 0.008975 0.020334
3 0.684345 0.560915 0.011129 0.021725
3 0.725347 0.412393 0.006334 0.023191
3 0.454572 0.715062 0.011801 0.024662
3 0.509348 0.851937 0.005589 0.019552
3 0.743454 0.533739 0.011695 0.023053
3 0.455272 0.633693 0.009831 0.023296
3 0.638319 0.592162 0.013498 0.022763
3 0.881152 0.498893 0.013212 0.016280
3 0.696517 0.426191 0.005709 0.017951
3 0.190621 0.578671 0.014046 0.020485
3 0.930996 0.539755 0.013282 0.021736
3 0.763364 0.418413 0.009949 0.020046
3 0.653557 0.560644 0.008973 0.029949
3 0.801213 0.542629 0.007131 0.025434
3 0.236687 0.495016 0.013335 0.018729
3 0.711081 0.415031 0.005573 0.018546
3 0.124058 0.594967 0.009430 0.019222
3 0.969939 0.531482 0.012980 0.023589
3 0.615929 0.594619 0.006213 0.021238
3 0.717408 0.465704 0.013348 0.018987
3 0.461892 0.746931 0.011267 0.013871
3 0.327948 0.209004 0.007451 0.021632
3 0.467273 0.782587 0.011718 0.020648
3 0.955962 0.449023 0.013916 0.017797
3 0.994085 0.484249 0.011835 0.020804
3 0.858209 0.530360 0.009772 0.021764
3 0.789435 0.436657 0.011559 0.011843
3 0.567119 0.535176 0.009780 0.021051
3 0.933602 0.524321 0.012041 0.010821
3 0.491737 0.984176 0.009612 0.018892
3 0.295570 0.541470 0.005435 0.017501
5 0.322553 0.809573 0.111773 0.064893
5 0.323477 0.309476 0.012286 0.060740
5 0.325263 0.354017 0.014388 0.058963
5 0.315557 0.410588 0.017940 0.058183
5 0.441511 0.530338 0.053321 0.094724
5 0.342098 0.206650 0.012602 0.053578
5 0.342137 0.666558 0.020105 0.046379
5 0.316931 0.253592 0.012199 0.036952
5 0.314896 0.188908 0.013721 0.036280
5 0.186621 0.515436 0.031194 0.034198
5 0.657579 0.931601 0.077388 0.135568
2 0.304608 0.491068 0.028382 0.045503
2 0.325224 0.354126 0.014768 0.059658
2 0.232509 0.508469 0.030863 0.046199
2 0.341999 0.666435 0.020532 0.046640
2 0.400197 0.631798 0.018889 0.033358
7 0.657572 0.930872 0.079507 0.137025
2 0.186385 0.514975 0.031670 0.035041
2 0.315557 0.410456 0.017940 0.057919
2 0.214806 0.765050 0.018019 0.055409
2 0.355801 0.584490 0.018217 0.034678
2 0.389989 0.271355 0.013554 0.039919
2 0.323034 0.309479 0.013172 0.060745
2 0.388521 0.540105 0.015926 0.041296
2 0.591948 0.659293 0.015666 0.053748
2 0.343762 0.357389 0.009476 0.048172
2 0.499134 0.517756 0.019657 0.050444
2 0.375239 0.692996 0.014908 0.026844
2 0.316906 0.253592 0.012249 0.036952
2 0.351734 0.699437 0.024797 0.056346
2 0.572484 0.481282 0.034955 0.045336
2 0.342098 0.206650 0.012602 0.053578
2 0.335748 0.598782 0.019059 0.036462
2 0.496342 0.435241 0.022943 0.048508
2 0.314887 0.188908 0.013739 0.036280
2 0.463413 0.763829 0.019295 0.039156
2 0.552161 0.578799 0.016445 0.045042
2 0.719656 0.455375 0.018656 0.033790
2 0.460197 0.264747 0.056980 0.107493
2 0.520205 0.439919 0.021763 0.050565
2 0.541887 0.486209 0.017067 0.035323
2 0.746595 0.455019 0.020287 0.033398
2 0.637887 0.470797 0.022910 0.031551
2 0.534424 0.605354 0.016031 0.030693
2 0.399669 0.743253 0.022091 0.029747
2 0.402305 0.247664 0.013714 0.038699
2 0.373721 0.221500 0.014260 0.053835
2 0.616677 0.554540 0.022691 0.035699
2 0.026756 0.491053 0.034962 0.026850
2 0.501952 0.917327 0.026788 0.035122
2 0.438071 0.451362 0.010609 0.024979
2 0.472824 0.516722 0.012108 0.043155
2 0.176705 0.486100 0.027199 0.041879
2 0.603693 0.601642 0.012507 0.041486
2 0.586321 0.594431 0.016474 0.033303
2 0.870167 0.947811 0.029440 0.029384
2 0.609038 0.907712 0.012119 0.018828
2 0.140041 0.484113 0.022619 0.026599
2 0.088263 0.524732 0.021232 0.017628
2 0.591543 0.810521 0.015213 0.039702
2 0.511535 0.421381 0.012069 0.020852
2 0.781480 0.452149 0.030111 0.034525
2 0.281498 0.200948 0.012148 0.020941
2 0.462340 0.577833 0.020658 0.046732
2 0.090671 0.596608 0.031640 0.032335
2 0.804358 0.778858 0.017590 0.049168
2 0.387785 0.695915 0.015483 0.039024
2 0.730076 0.576184 0.053457 0.031588
2 0.631289 0.276501 0.023898 0.040163
2 0.255823 0.485051 0.021374 0.026897
2 0.381138 0.745236 0.019020 0.031271
2 0.434542 0.898445 0.038734 0.056137
