0 0.300180 0.545781 0.004432 0.018250
0 0.455448 0.659795 0.005751 0.021918
0 0.380452 0.588800 0.005348 0.022117
0 0.469502 0.427681 0.004565 0.022809
0 0.582127 0.434218 0.005154 0.020898
0 0.411465 0.416628 0.006609 0.021351
0 0.660872 0.572821 0.006947 0.027467
0 0.188838 0.621977 0.003976 0.015336
0 0.371905 0.638210 0.007365 0.023670
0 0.464526 0.432984 0.005741 0.023571
0 0.675676 0.547706 0.007399 0.029042
0 0.557944 0.521437 0.005640 0.018533
0 0.648174 0.564039 0.008929 0.029143
0 0.416306 0.395027 0.004532 0.020428
0 0.501799 0.672631 0.006501 0.027375
0 0.616645 0.590082 0.007136 0.025397
0 0.491780 0.810223 0.005269 0.020584
0 0.340335 0.395428 0.006131 0.023393
0 0.457600 0.714934 0.005414 0.025280
0 0.541768 0.573174 0.006513 0.023922
0 0.406994 0.661901 0.004243 0.018175
0 0.331035 0.527657 0.004854 0.019897
0 0.418913 0.683625 0.004688 0.019902
0 0.557214 0.417320 0.004611 0.018131
0 0.531842 0.485334 0.006037 0.020804
0 0.556800 0.440664 0.005536 0.020284
0 0.725480 0.412220 0.006638 0.022387
0 0.696678 0.426368 0.005362 0.018169
0 0.709842 0.550520 0.005729 0.026945
0 0.705463 0.768243 0.006501 0.024991
0 0.431049 0.681056 0.004862 0.019292
0 0.564872 0.432185 0.007017 0.020781
0 0.178937 0.614581 0.006022 0.023899
0 0.423615 0.383179 0.008599 0.024544
0 0.387277 0.387694 0.007245 0.018897
0 0.763315 0.734543 0.005759 0.021331
0 0.454249 0.476056 0.010368 0.023488
0 0.698580 0.550630 0.006574 0.018896
0 0.507733 0.839285 0.006013 0.021763
0 0.181771 0.620107 0.005064 0.014321
0 0.153647 0.474079 0.004319 0.021832
0 0.354439 0.324097 0.006011 0.032594
0 0.561595 0.432855 0.004299 0.017971
0 0.792108 0.540911 0.005026 0.018602
0 0.584667 0.906726 0.006772 0.019924
0 0.496895 0.789035 0.006790 0.018255
0 0.451419 0.371116 0.004819 0.012827
0 0.590242 0.698413 0.004401 0.017982
0 0.585800 0.759071 0.005552 0.019974
0 0.576367 0.839405 0.006032 0.026113
0 0.397895 0.692131 0.005731 0.031855
0 0.870227 0.537990 0.006892 0.025701
0 0.711375 0.758942 0.005882 0.025711
0 0.594682 0.918120 0.007993 0.019382
0 0.730815 0.779744 0.005478 0.024830
0 0.410656 0.685183 0.005140 0.019424
0 0.711760 0.412434 0.007004 0.024996
0 0.206955 0.485192 0.003131 0.009703
0 0.800197 0.543912 0.004286 0.023547
0 0.238113 0.570924 0.004853 0.018227
0 0.353051 0.313944 0.003392 0.013744
0 0.341080 0.268054 0.005451 0.015630
0 0.319241 0.040157 0.004998 0.016931
0 0.141545 0.668132 0.006821 0.025082
0 0.157305 0.586569 0.003681 0.010256
3 0.299554 0.514884 0.012494 0.018817
3 0.287341 0.567466 0.012450 0.017983
2 0.502189 0.917551 0.027586 0.034405
3 0.495227 0.444066 0.021136 0.030282
3 0.518397 0.449377 0.018751 0.033252
3 0.308175 0.139981 0.011137 0.021039
3 0.271760 0.533176 0.029021 0.022811
3 0.016577 0.536401 0.014393 0.014465
3 0.552939 0.479104 0.017150 0.034462
3 0.281870 0.201420 0.011901 0.019736
3 0.003457 0.545420 0.006781 0.012665
2 0.342308 0.666981 0.020172 0.046627
3 0.144378 0.528610 0.013842 0.015746
3 0.158958 0.574095 0.013598 0.013560
3 0.540856 0.619843 0.014211 0.030129
2 0.870257 0.948868 0.028612 0.030334
3 0.092770 0.536337 0.014092 0.015776
3 0.141851 0.513262 0.014298 0.014100
3 0.475253 0.536420 0.011033 0.042626
3 0.532793 0.436509 0.011830 0.019335
3 0.111173 0.577441 0.010908 0.019490
3 0.780772 0.460505 0.013492 0.017320
3 0.602440 0.440648 0.016462 0.015372
2 0.215094 0.765456 0.018530 0.055887
3 0.377123 0.514307 0.016008 0.027400
3 0.157541 0.496617 0.011815 0.012912
3 0.738806 0.466002 0.012366 0.013858
3 0.400424 0.632477 0.018360 0.033013
3 0.395621 0.294725 0.013078 0.034524
2 0.318339 0.475555 0.027754 0.048216
3 0.192205 0.616042 0.009242 0.015923
3 0.616521 0.553065 0.021773 0.032859
3 0.669192 0.567873 0.009633 0.021386
3 0.265114 0.483142 0.007296 0.016575
3 0.609488 0.585074 0.021653 0.015969
3 0.513210 0.541321 0.017561 0.034117
2 0.026386 0.492710 0.037052 0.025998
3 0.233516 0.556224 0.013393 0.017223
3 0.254133 0.487594 0.019789 0.029577
2 0.592051 0.660301 0.015345 0.052745
3 0.760752 0.444872 0.018821 0.013842
3 0.375320 0.692593 0.014324 0.024996
3 0.261978 0.536129 0.010115 0.017806
3 0.806177 0.442899 0.015798 0.025782
3 0.768494 0.549209 0.010650 0.020224
3 0.758096 0.460986 0.014192 0.016646
3 0.247723 0.516579 0.027351 0.027596
3 0.482702 0.466061 0.009938 0.023290
3 0.141054 0.661679 0.009135 0.011526
3 0.780882 0.459623 0.012828 0.014424
3 0.788266 0.546448 0.009904 0.025213
3 0.335644 0.227251 0.006210 0.022531
3 0.718914 0.433012 0.011011 0.020238
3 0.768436 0.549637 0.010786 0.021196
3 0.531842 0.485334 0.006037 0.020804
3 0.341222 0.275233 0.006017 0.027842
3 0.689462 0.544875 0.009142 0.022303
3 0.746432 0.411771 0.011375 0.017485
3 0.341080 0.268054 0.005451 0.015630
3 0.111173 0.579492 0.010908 0.023591
3 0.685826 0.515889 0.013470 0.022427
3 0.482763 0.466093 0.009997 0.023404
3 0.738840 0.465714 0.012549 0.014434
3 0.334442 0.527512 0.011798 0.020555
3 0.326729 0.196267 0.009005 0.023646
3 0.192205 0.616042 0.009242 0.015923
3 0.322975 0.223515 0.005472 0.019226
3 0.714213 0.517555 0.014524 0.022020
3 0.300138 0.548259 0.003864 0.013398
3 0.803699 0.500342 0.014317 0.022098
3 0.733613 0.538918 0.020379 0.036240
3 0.948903 0.542082 0.008785 0.020272
3 0.581710 0.437004 0.004306 0.015301
3 0.372042 0.638919 0.005694 0.022555
3 0.285514 0.179329 0.004756 0.011900
3 0.835467 0.760983 0.010698 0.025033
3 0.582528 0.545432 0.006055 0.014593
3 0.233516 0.556240 0.013393 0.017255
3 0.182456 0.615696 0.013150 0.020654
3 0.665796 0.569965 0.016780 0.025569
3 0.340768 0.394424 0.005265 0.021385
3 0.698705 0.550745 0.006926 0.019235
3 0.675676 0.548020 0.007399 0.029638
3 0.158965 0.578816 0.013689 0.021787
3 0.157366 0.500805 0.011432 0.021356
3 0.564308 0.633191 0.006824 0.021969
3 0.454249 0.476056 0.010368 0.023488
3 0.144368 0.528596 0.013822 0.015718
3 0.930938 0.539977 0.013299 0.022049
3 0.711269 0.416068 0.005751 0.018184
3 0.893126 0.440211 0.011793 0.022017
3 0.556939 0.610300 0.007109 0.023724
3 0.684253 0.564783 0.009561 0.014508
3 0.422301 0.593940 0.008474 0.023672
3 0.910130 0.532145 0.011711 0.025936
3 0.648356 0.565596 0.008564 0.025708
3 0.594682 0.918120 0.007993 0.019382
3 0.801329 0.543128 0.006825 0.024930
3 0.702122 0.417028 0.008595 0.016844
3 0.584667 0.906726 0.006772 0.019924
5 0.323644 0.310382 0.012485 0.062201
5 0.616912 0.555216 0.022581 0.036565
5 0.336938 0.582052 0.018950 0.041314
5 0.556443 0.572635 0.018226 0.043786
5 0.194911 0.515596 0.031033 0.033671
5 0.315564 0.410990 0.017885 0.057392
5 0.584596 0.482199 0.035776 0.046554
5 0.319168 0.475605 0.025936 0.048115
5 0.316981 0.253842 0.012201 0.035856
5 0.657848 0.931758 0.078125 0.135537
5 0.322246 0.809844 0.111159 0.065292
5 0.342904 0.335569 0.009319 0.046835
5 0.342308 0.666981 0.020172 0.046627
2 0.248648 0.511741 0.030975 0.041122
2 0.318159 0.475274 0.028273 0.048488
2 0.194551 0.514572 0.031711 0.035576
2 0.400389 0.632413 0.018542 0.032915
2 0.342121 0.666600 0.020734 0.047220
7 0.657804 0.931187 0.080352 0.136784
2 0.377121 0.514470 0.016013 0.027683
2 0.325258 0.356325 0.014466 0.062215
2 0.315564 0.410966 0.017885 0.057343
2 0.336938 0.582052 0.018950 0.041314
2 0.215086 0.765105 0.018539 0.056045
2 0.375914 0.257235 0.015634 0.055775
2 0.323408 0.310381 0.012956 0.062204
2 0.518416 0.450007 0.018789 0.031991
2 0.592223 0.659824 0.015836 0.053448
2 0.584808 0.482189 0.036199 0.046573
2 0.341536 0.170184 0.014556 0.050777
2 0.314827 0.190398 0.013492 0.038498
2 0.351772 0.700747 0.024621 0.056646
2 0.616906 0.555067 0.022651 0.036864
2 0.026386 0.492257 0.037052 0.026904
2 0.399464 0.743614 0.021086 0.029610
2 0.254264 0.487505 0.020296 0.030169
2 0.556413 0.572368 0.018102 0.043251
2 0.401554 0.246775 0.013184 0.039256
2 0.316918 0.253786 0.012327 0.035578
2 0.342904 0.335569 0.009319 0.046835
2 0.495036 0.436207 0.021517 0.046801
2 0.656484 0.469504 0.023491 0.030196
2 0.395621 0.294725 0.013078 0.034524
2 0.552898 0.479104 0.017232 0.034462
2 0.475221 0.536424 0.011217 0.042634
2 0.870257 0.948868 0.028612 0.030334
2 0.513210 0.541270 0.017561 0.033773
2 0.603818 0.601957 0.012532 0.041569
2 0.107105 0.528146 0.025454 0.028902
2 0.180903 0.483172 0.020637 0.035459
2 0.759986 0.453730 0.020620 0.032041
2 0.452116 0.589929 0.021257 0.043187
2 0.463813 0.764128 0.018654 0.034802
2 0.569668 0.628030 0.014314 0.039091
2 0.375528 0.696902 0.014835 0.033999
2 0.609071 0.908169 0.012039 0.019064
2 0.208704 0.656914 0.047058 0.055246
2 0.502189 0.917672 0.027586 0.034162
2 0.586649 0.594425 0.016591 0.032505
2 0.729598 0.576989 0.054675 0.030325
2 0.540856 0.619843 0.014211 0.030129
2 0.644560 0.321287 0.068384 0.130946
2 0.806735 0.779265 0.015351 0.041285
2 0.281916 0.201420 0.011690 0.019736
2 0.299545 0.514884 0.012384 0.018817
2 0.454347 0.476026 0.010689 0.023372
2 0.139448 0.481833 0.022779 0.023127
2 0.378023 0.751653 0.027055 0.042070
2 0.308202 0.139803 0.011083 0.020683
2 0.271760 0.533237 0.029021 0.022688
2 0.603499 0.987533 0.013887 0.025237
