0 0.341070 0.412842 0.006586 0.023383
0 0.419326 0.410369 0.004672 0.019971
0 0.376907 0.579948 0.007552 0.022208
0 0.465490 0.415767 0.004888 0.021453
0 0.548271 0.439509 0.006400 0.021201
0 0.537516 0.557933 0.006748 0.022728
0 0.489448 0.796993 0.004920 0.022529
0 0.466988 0.801387 0.004509 0.022162
0 0.616909 0.592958 0.007211 0.025960
0 0.438855 0.662116 0.006948 0.023220
0 0.725219 0.411811 0.006499 0.023229
0 0.461271 0.659701 0.006634 0.024481
0 0.562369 0.431724 0.005338 0.019319
0 0.474488 0.816180 0.006298 0.022268
0 0.292940 0.538246 0.005095 0.017933
0 0.564940 0.685344 0.007974 0.024007
0 0.461734 0.418963 0.004968 0.016111
0 0.437131 0.691031 0.004974 0.020663
0 0.592215 0.700059 0.005292 0.020661
0 0.461567 0.436715 0.005981 0.023076
0 0.660570 0.572361 0.006128 0.026329
0 0.571377 0.437191 0.004892 0.017730
0 0.556546 0.417531 0.003881 0.016516
0 0.503657 0.715121 0.007232 0.027658
0 0.415206 0.407762 0.005028 0.020716
0 0.711783 0.411640 0.006649 0.025066
0 0.188527 0.621731 0.003757 0.014459
0 0.371963 0.638252 0.005600 0.022442
0 0.457710 0.714773 0.005163 0.024481
0 0.696501 0.425460 0.005826 0.018465
0 0.449512 0.769483 0.004159 0.018120
0 0.709244 0.550184 0.005587 0.028493
0 0.509965 0.857471 0.005880 0.019577
0 0.594014 0.876596 0.004544 0.019450
0 0.418926 0.683305 0.005327 0.020587
0 0.530678 0.477158 0.005634 0.020041
0 0.589509 0.725600 0.006092 0.019317
0 0.408391 0.690380 0.007742 0.031315
0 0.496753 0.788765 0.006777 0.018465
0 0.319478 0.061775 0.004954 0.018828
0 0.755444 0.740462 0.004518 0.016749
0 0.703678 0.404753 0.007906 0.016465
0 0.346765 0.726282 0.003724 0.012963
0 0.430909 0.437826 0.010045 0.025531
0 0.562015 0.571161 0.005458 0.024398
0 0.416285 0.667658 0.005088 0.018955
0 0.236824 0.566784 0.006844 0.025255
0 0.397602 0.672956 0.006288 0.028741
0 0.870102 0.537374 0.006924 0.026364
0 0.536520 0.693831 0.008632 0.027186
0 0.546051 0.846053 0.005083 0.018342
0 0.698432 0.547309 0.010057 0.034854
0 0.574570 0.796167 0.005975 0.025447
0 0.588187 0.807912 0.008141 0.040538
2 0.501661 0.916756 0.027100 0.034624
3 0.308118 0.139116 0.010653 0.020736
3 0.281553 0.200007 0.012112 0.020809
2 0.342026 0.665596 0.020708 0.047601
3 0.271860 0.531435 0.029840 0.023447
2 0.297706 0.495369 0.030264 0.043623
3 0.255179 0.486116 0.022172 0.027761
2 0.775874 0.453153 0.028114 0.028381
3 0.603503 0.601273 0.012255 0.040753
2 0.214527 0.764677 0.017335 0.057322
3 0.739167 0.456579 0.021379 0.033343
3 0.518977 0.441751 0.016936 0.024046
3 0.712202 0.454538 0.019951 0.031085
3 0.494304 0.440106 0.020696 0.031543
2 0.591530 0.658492 0.015159 0.052942
3 0.803328 0.763747 0.017920 0.021299
3 0.207778 0.473134 0.012849 0.011289
2 0.567417 0.482127 0.033649 0.041156
3 0.116206 0.511205 0.014822 0.014759
3 0.462604 0.641246 0.009280 0.023142
3 0.775811 0.769955 0.013047 0.020797
3 0.307696 0.539196 0.011900 0.019372
2 0.870072 0.947159 0.029921 0.029805
3 0.330103 0.559596 0.006756 0.019157
3 0.335483 0.598287 0.019137 0.035875
3 0.493627 0.495926 0.017310 0.034454
3 0.375352 0.692906 0.014885 0.027035
3 0.854647 0.757602 0.013150 0.016457
3 0.262522 0.533341 0.011167 0.018524
3 0.262747 0.511576 0.009852 0.018297
3 0.616530 0.553021 0.022008 0.034456
3 0.539474 0.488417 0.012088 0.031805
2 0.315444 0.410374 0.017572 0.056997
3 0.595864 0.448837 0.008380 0.030188
3 0.054609 0.524008 0.018296 0.030018
3 0.692245 0.689244 0.012344 0.016347
3 0.255075 0.496390 0.019927 0.020501
3 0.698500 0.545508 0.009769 0.034264
3 0.463165 0.436221 0.009941 0.024667
3 0.339425 0.326429 0.006089 0.029680
3 0.564940 0.685674 0.007974 0.024667
3 0.728005 0.508494 0.015567 0.024744
3 0.417266 0.409212 0.009149 0.021967
3 0.746206 0.411260 0.011299 0.017219
3 0.768322 0.549084 0.011160 0.021491
3 0.338528 0.275502 0.006558 0.035067
3 0.681869 0.546671 0.010463 0.033644
3 0.668765 0.567161 0.010032 0.022482
3 0.333418 0.560093 0.013185 0.022838
3 0.727096 0.429802 0.011615 0.024683
3 0.371963 0.638252 0.005600 0.022442
3 0.306747 0.538515 0.015101 0.022638
3 0.863488 0.440616 0.012207 0.021956
3 0.439879 0.628674 0.010692 0.022231
3 0.431019 0.438741 0.010266 0.025984
3 0.656294 0.556763 0.009535 0.026187
3 0.586611 0.742979 0.012281 0.037665
3 0.616613 0.592958 0.006621 0.025960
3 0.705588 0.470539 0.011576 0.015509
3 0.285417 0.178452 0.004878 0.012291
3 0.186129 0.615577 0.020758 0.021512
3 0.757173 0.510439 0.014517 0.020405
3 0.788054 0.545269 0.011472 0.026496
3 0.702278 0.416053 0.008932 0.016817
3 0.683113 0.560841 0.011615 0.020892
3 0.455350 0.714019 0.011921 0.025875
3 0.711220 0.415387 0.005228 0.018118
3 0.582932 0.885007 0.008145 0.022714
3 0.763102 0.417273 0.010653 0.020433
3 0.731417 0.546798 0.017533 0.023242
3 0.593584 0.879360 0.003551 0.014332
3 0.638471 0.590511 0.014144 0.024110
3 0.548595 0.439509 0.005752 0.021201
3 0.484813 0.855100 0.008291 0.021163
3 0.801034 0.542691 0.007242 0.025517
3 0.696501 0.425460 0.005826 0.018465
3 0.859140 0.497057 0.012340 0.019656
3 0.340650 0.417122 0.005115 0.016041
3 0.948733 0.541298 0.008795 0.020103
3 0.725260 0.411610 0.006418 0.022829
3 0.474488 0.816180 0.006298 0.022268
3 0.461851 0.746721 0.011257 0.013704
5 0.323423 0.309395 0.012738 0.061320
5 0.316797 0.264477 0.012510 0.058904
5 0.441574 0.529476 0.054069 0.094495
5 0.315494 0.410263 0.017823 0.057220
5 0.325303 0.354033 0.014499 0.061450
5 0.297450 0.495793 0.027307 0.042909
5 0.657277 0.930849 0.079026 0.137805
5 0.226521 0.517521 0.027556 0.027027
2 0.228117 0.508047 0.032261 0.047973
2 0.297706 0.495423 0.030264 0.043730
2 0.182369 0.514463 0.031533 0.036551
2 0.342026 0.665581 0.020708 0.047571
2 0.325303 0.354009 0.014499 0.061401
2 0.315212 0.410158 0.018412 0.057165
7 0.657277 0.930740 0.079026 0.137585
2 0.323177 0.309211 0.013230 0.060952
2 0.400214 0.631735 0.018219 0.032236
2 0.214527 0.764442 0.017335 0.056852
2 0.394405 0.545009 0.015421 0.028135
2 0.344096 0.366196 0.009687 0.046906
2 0.567159 0.481942 0.034254 0.044534
2 0.387758 0.257678 0.011514 0.034678
2 0.372382 0.203139 0.014023 0.055066
2 0.363451 0.587342 0.017691 0.034234
2 0.335533 0.598844 0.019451 0.037419
2 0.342501 0.216468 0.012534 0.042503
2 0.375352 0.692906 0.014885 0.027035
2 0.316821 0.254071 0.012426 0.037598
2 0.591837 0.658842 0.015773 0.053643
2 0.463106 0.764217 0.018468 0.038533
2 0.402258 0.247089 0.013758 0.039783
2 0.314727 0.189056 0.013551 0.037527
2 0.351777 0.698085 0.024965 0.056561
2 0.398792 0.742459 0.020613 0.028587
2 0.210247 0.662609 0.050202 0.069987
2 0.097031 0.594975 0.030109 0.031653
2 0.026155 0.490428 0.034404 0.026032
2 0.739256 0.456436 0.021201 0.033072
2 0.520055 0.440119 0.022024 0.049173
2 0.537147 0.488362 0.016946 0.033726
2 0.775856 0.453137 0.028149 0.028351
2 0.460376 0.264483 0.057341 0.108632
2 0.532314 0.598643 0.014842 0.028550
2 0.494716 0.434864 0.022119 0.046298
2 0.616656 0.554522 0.022719 0.037458
2 0.493820 0.496193 0.017039 0.033961
2 0.603503 0.601296 0.012255 0.041069
2 0.870072 0.947159 0.029921 0.029805
2 0.551466 0.576394 0.015185 0.033321
2 0.470877 0.508705 0.013472 0.043251
2 0.433742 0.900395 0.038447 0.050560
2 0.803897 0.778579 0.017795 0.049660
2 0.711579 0.455070 0.018536 0.034244
2 0.431290 0.438610 0.009628 0.025721
2 0.179218 0.482013 0.021928 0.034915
2 0.139993 0.483078 0.022808 0.025464
2 0.586169 0.593837 0.016597 0.032773
2 0.333185 0.560336 0.012858 0.021751
2 0.501661 0.916756 0.027100 0.034624
2 0.510552 0.098750 0.043138 0.077247
2 0.854768 0.774663 0.014228 0.050585
2 0.746450 0.951921 0.015520 0.051477
2 0.568273 0.300814 0.055166 0.065263
2 0.271860 0.531435 0.029840 0.023447
2 0.456281 0.198385 0.020237 0.044337
2 0.282728 0.069617 0.008355 0.034044
2 0.281553 0.200007 0.012112 0.020809
2 0.381355 0.744883 0.019031 0.030443
2 0.307717 0.538880 0.011907 0.018346
