0 0.299154 0.544290 0.004876 0.019844
0 0.379732 0.586691 0.005485 0.023515
0 0.412411 0.414239 0.005706 0.024666
0 0.660514 0.572900 0.006437 0.027185
0 0.676473 0.547633 0.007760 0.029607
0 0.372098 0.638561 0.005605 0.022955
0 0.340751 0.398028 0.006105 0.023803
0 0.188757 0.621981 0.004027 0.015008
0 0.463521 0.431640 0.004786 0.021575
0 0.456174 0.659834 0.005506 0.022500
0 0.649915 0.564584 0.008678 0.027073
0 0.616259 0.590435 0.006792 0.025976
0 0.468951 0.426896 0.004728 0.020532
0 0.884826 0.427288 0.010247 0.019369
0 0.540689 0.569024 0.007243 0.021789
0 0.557841 0.521382 0.005522 0.018738
0 0.501749 0.680087 0.006489 0.027743
0 0.457484 0.714902 0.005597 0.025120
0 0.531785 0.483303 0.006866 0.021810
0 0.555817 0.440320 0.005243 0.021591
0 0.580811 0.435042 0.006086 0.018688
0 0.696662 0.426522 0.005278 0.017717
0 0.416082 0.397136 0.004593 0.019976
0 0.562285 0.432528 0.005104 0.019310
0 0.485145 0.926360 0.004011 0.016127
0 0.725492 0.412466 0.006502 0.022933
0 0.491793 0.807519 0.005591 0.020662
0 0.387851 0.387157 0.005864 0.019255
0 0.590603 0.698840 0.004686 0.018988
0 0.647397 0.557077 0.005440 0.017925
0 0.418856 0.683702 0.004693 0.019898
0 0.709638 0.551010 0.005439 0.027125
0 0.557245 0.416967 0.004431 0.018295
0 0.447606 0.769842 0.003891 0.019374
0 0.870397 0.537766 0.007064 0.025768
0 0.322572 0.221148 0.005707 0.020302
0 0.591011 0.733720 0.005484 0.023310
0 0.496718 0.789003 0.006744 0.018562
0 0.178758 0.616660 0.005223 0.019432
0 0.584979 0.753725 0.006889 0.022619
0 0.341072 0.276266 0.005383 0.014644
0 0.598286 0.890210 0.004010 0.021566
0 0.705088 0.768583 0.005796 0.025847
0 0.711662 0.412427 0.006900 0.025283
0 0.432107 0.682298 0.005262 0.020493
0 0.698376 0.550870 0.006569 0.019382
0 0.508078 0.841746 0.005914 0.022313
0 0.566373 0.432105 0.004054 0.020396
0 0.568408 0.737796 0.008426 0.024472
0 0.410530 0.684958 0.005144 0.019717
0 0.551096 0.631991 0.007725 0.023560
0 0.335778 0.219480 0.004092 0.011352
0 0.397723 0.692489 0.005647 0.031392
0 0.356011 0.337322 0.005499 0.021713
0 0.594779 0.915704 0.007990 0.019420
0 0.557360 0.603911 0.006728 0.022470
0 0.003119 0.629202 0.005648 0.024065
0 0.556153 0.843825 0.004146 0.019572
0 0.248481 0.572023 0.004195 0.011938
0 0.575822 0.834863 0.005762 0.021097
0 0.552664 0.899509 0.007138 0.023921
0 0.791915 0.540738 0.005185 0.018034
2 0.502164 0.917453 0.027399 0.034361
3 0.778425 0.459752 0.012658 0.014324
3 0.293921 0.516188 0.012402 0.020872
3 0.276472 0.532448 0.018226 0.020338
3 0.294228 0.567101 0.012150 0.019742
3 0.549941 0.481232 0.017248 0.035009
3 0.308236 0.139724 0.010970 0.020941
2 0.315224 0.479032 0.027389 0.047101
3 0.166800 0.574782 0.013956 0.015079
3 0.237782 0.555393 0.014346 0.016406
2 0.342208 0.666767 0.020231 0.046523
3 0.474806 0.530684 0.011285 0.044443
3 0.281734 0.201717 0.011910 0.020687
3 0.510776 0.534094 0.016134 0.033628
3 0.518168 0.449085 0.018534 0.033531
3 0.008478 0.539104 0.014593 0.018789
3 0.450637 0.470955 0.010827 0.024333
3 0.335389 0.597357 0.018299 0.031869
3 0.496382 0.444087 0.018652 0.030714
3 0.800619 0.449830 0.016971 0.024287
3 0.733826 0.466349 0.012250 0.014346
3 0.768541 0.549235 0.010744 0.020308
3 0.555443 0.571510 0.018300 0.041742
3 0.379734 0.519196 0.015704 0.028849
3 0.538842 0.616142 0.015867 0.032802
3 0.601156 0.447322 0.018732 0.027559
2 0.215040 0.765810 0.018325 0.055397
3 0.616286 0.553052 0.021573 0.032774
3 0.254374 0.487067 0.020333 0.029704
3 0.394838 0.290770 0.013058 0.036207
3 0.609291 0.585088 0.021069 0.015949
3 0.375129 0.692373 0.014149 0.025060
3 0.668907 0.567776 0.009408 0.021225
2 0.591973 0.659801 0.015411 0.053381
3 0.755437 0.461059 0.013033 0.017350
3 0.139064 0.528909 0.012166 0.013880
3 0.719900 0.431920 0.011383 0.018500
3 0.757597 0.445051 0.018474 0.013721
3 0.329142 0.528753 0.008349 0.019297
3 0.113976 0.577956 0.011049 0.017885
3 0.326562 0.199602 0.009924 0.024034
2 0.026772 0.492354 0.036120 0.024677
3 0.313341 0.427926 0.012879 0.023715
3 0.343074 0.332100 0.008992 0.030649
3 0.138354 0.515107 0.013738 0.020948
3 0.141061 0.661538 0.008801 0.011270
3 0.262598 0.535356 0.011409 0.018387
3 0.419015 0.374238 0.008709 0.023049
3 0.341226 0.284241 0.005986 0.027785
3 0.719900 0.432310 0.011465 0.019280
3 0.778472 0.459755 0.012753 0.014331
3 0.733802 0.466396 0.012379 0.014267
3 0.768492 0.549570 0.010841 0.020977
3 0.114106 0.580502 0.011455 0.023015
3 0.563594 0.630683 0.006341 0.022594
3 0.788218 0.545861 0.009895 0.024429
3 0.330469 0.528990 0.012657 0.020864
3 0.372098 0.638941 0.005605 0.023716
3 0.746238 0.411985 0.011101 0.017238
3 0.553979 0.630606 0.006652 0.026882
3 0.584892 0.901171 0.008126 0.024118
3 0.580811 0.435042 0.006086 0.018688
3 0.479198 0.462033 0.010126 0.026101
3 0.568408 0.737796 0.008426 0.024472
3 0.594779 0.915704 0.007990 0.019420
3 0.450510 0.470634 0.011079 0.024975
3 0.554739 0.625542 0.005223 0.016829
3 0.508078 0.841746 0.005914 0.022313
3 0.692720 0.513387 0.014488 0.022976
3 0.721046 0.516761 0.013871 0.022049
3 0.583652 0.723411 0.007291 0.026156
3 0.182393 0.615225 0.012880 0.023154
3 0.725492 0.412466 0.006502 0.022933
3 0.755574 0.460880 0.013227 0.017305
3 0.858584 0.500521 0.013249 0.020268
3 0.425390 0.600283 0.007553 0.021743
3 0.322572 0.221148 0.005707 0.020302
3 0.191104 0.616648 0.013325 0.021044
3 0.676288 0.547802 0.007734 0.029942
3 0.994700 0.508598 0.009594 0.019221
3 0.702049 0.417123 0.008731 0.016834
3 0.285520 0.179102 0.004847 0.012042
3 0.336370 0.235249 0.005926 0.021700
3 0.341072 0.276266 0.005383 0.014644
3 0.540988 0.569241 0.006358 0.020936
3 0.582338 0.545325 0.005823 0.014552
3 0.711272 0.415536 0.005804 0.019016
3 0.355887 0.335159 0.005938 0.026039
3 0.355780 0.326501 0.005567 0.017605
3 0.239586 0.496137 0.011893 0.017984
3 0.461751 0.747289 0.011542 0.013679
3 0.160414 0.498217 0.011939 0.017915
3 0.668659 0.571489 0.009322 0.017872
3 0.948869 0.542130 0.008780 0.020417
3 0.441822 0.619614 0.010232 0.021490
3 0.455261 0.715305 0.010496 0.024502
3 0.816269 0.542682 0.007777 0.025265
3 0.409137 0.662860 0.005952 0.018006
3 0.801260 0.543059 0.007135 0.024876
3 0.557360 0.603911 0.006728 0.022470
3 0.484940 0.855870 0.008692 0.022095
3 0.408930 0.699685 0.009903 0.018401
3 0.789344 0.540151 0.009880 0.016277
3 0.293917 0.516139 0.012393 0.020479
3 0.336230 0.222664 0.005255 0.015756
3 0.733806 0.540117 0.020956 0.034898
5 0.341054 0.580114 0.019086 0.033445
5 0.555443 0.573186 0.018300 0.045314
5 0.616922 0.554882 0.022715 0.036268
5 0.316885 0.265023 0.012581 0.058624
5 0.323630 0.309881 0.012496 0.061503
5 0.584458 0.480388 0.030112 0.041757
5 0.243608 0.517272 0.027484 0.028127
5 0.322777 0.809642 0.112222 0.065036
5 0.315516 0.410951 0.017648 0.057399
5 0.215040 0.765810 0.018325 0.055397
5 0.193014 0.515641 0.030938 0.034500
5 0.657698 0.931830 0.078147 0.135087
5 0.342208 0.666767 0.020231 0.046523
2 0.315169 0.479038 0.028110 0.047845
2 0.193094 0.514625 0.031452 0.036463
7 0.657635 0.931312 0.080363 0.136480
2 0.400393 0.632297 0.018588 0.032931
2 0.341054 0.579924 0.019086 0.033065
2 0.244038 0.510490 0.030450 0.041691
2 0.325344 0.355777 0.014261 0.061402
2 0.342092 0.666403 0.020659 0.047180
2 0.315554 0.410704 0.017910 0.057810
2 0.581399 0.480032 0.036231 0.042469
2 0.215045 0.765415 0.018369 0.055463
2 0.379581 0.525914 0.016098 0.042820
2 0.323399 0.309953 0.012959 0.061203
2 0.375343 0.247119 0.015287 0.054201
2 0.518168 0.450189 0.018534 0.031323
2 0.401880 0.248481 0.013989 0.039608
2 0.592145 0.659801 0.015756 0.053381
2 0.495604 0.435820 0.021338 0.047248
2 0.538842 0.616142 0.015867 0.032802
2 0.314724 0.189297 0.013082 0.036156
2 0.351594 0.700388 0.024531 0.055353
2 0.474806 0.530684 0.011285 0.044443
2 0.341275 0.179557 0.012317 0.050923
2 0.394838 0.290770 0.013058 0.036207
2 0.335647 0.592313 0.017783 0.021782
2 0.616890 0.554841 0.022780 0.036351
2 0.026772 0.491511 0.036120 0.026610
2 0.255791 0.486441 0.023169 0.032379
2 0.316885 0.265029 0.012581 0.058612
2 0.555397 0.573186 0.018033 0.045314
2 0.399556 0.743692 0.021671 0.029857
2 0.549935 0.481247 0.017262 0.035039
2 0.463404 0.765153 0.019032 0.036181
2 0.652902 0.470212 0.024003 0.030840
2 0.343074 0.332100 0.008992 0.030649
2 0.583830 0.608145 0.027662 0.065186
2 0.603710 0.601714 0.012405 0.041676
2 0.609081 0.908064 0.012211 0.018812
2 0.756541 0.452933 0.019973 0.034410
2 0.139275 0.482605 0.022727 0.024766
2 0.729744 0.576757 0.054427 0.030763
2 0.731425 0.451519 0.023260 0.038041
2 0.103198 0.528825 0.023927 0.031124
2 0.502164 0.917453 0.027399 0.034361
2 0.375332 0.695708 0.014728 0.032002
2 0.870074 0.948281 0.028694 0.030511
2 0.510776 0.534094 0.016134 0.033628
2 0.180712 0.483349 0.020271 0.035241
2 0.293950 0.516188 0.012288 0.020872
2 0.378070 0.748240 0.026740 0.036392
2 0.454148 0.589274 0.021322 0.042758
2 0.644526 0.325489 0.067750 0.121885
2 0.308236 0.139724 0.010970 0.020941
2 0.800619 0.449830 0.016971 0.024287
2 0.570719 0.628457 0.012024 0.041829
2 0.281764 0.201717 0.011795 0.020687
2 0.806106 0.779373 0.016168 0.044825
2 0.272225 0.529590 0.029433 0.027068
2 0.603603 0.987522 0.014281 0.025326
2 0.388216 0.696169 0.016157 0.038509
2 0.450713 0.470886 0.010980 0.024758
