0 0.299803 0.544862 0.004632 0.018947
0 0.380531 0.588207 0.004455 0.022426
0 0.372032 0.638796 0.005606 0.022454
0 0.660693 0.572689 0.006622 0.027489
0 0.557942 0.521406 0.005515 0.018677
0 0.455634 0.659951 0.006180 0.022714
0 0.466743 0.429157 0.009570 0.025800
0 0.188812 0.621843 0.003928 0.015191
0 0.581410 0.434414 0.005307 0.019864
0 0.330501 0.528667 0.005907 0.020481
0 0.675962 0.547965 0.007502 0.029199
0 0.411758 0.415405 0.006378 0.023016
0 0.616590 0.590155 0.006923 0.025805
0 0.647846 0.563744 0.009467 0.029545
0 0.464632 0.431547 0.006085 0.024489
0 0.556293 0.440720 0.005380 0.019983
0 0.531721 0.484746 0.006250 0.021349
0 0.491799 0.808962 0.005442 0.021517
0 0.457581 0.715044 0.005496 0.024918
0 0.340334 0.396157 0.006016 0.023325
0 0.696680 0.426566 0.005317 0.017776
0 0.501771 0.674628 0.006645 0.028190
0 0.556957 0.417926 0.004188 0.016996
0 0.416218 0.395601 0.004406 0.020316
0 0.541142 0.570901 0.005592 0.021557
0 0.431836 0.681933 0.005137 0.019662
0 0.563232 0.432185 0.007779 0.020240
0 0.418921 0.683640 0.004495 0.019701
0 0.725441 0.412222 0.006560 0.022281
0 0.705460 0.768450 0.006438 0.025429
0 0.407814 0.662208 0.005409 0.018226
0 0.154181 0.474188 0.005030 0.022146
0 0.566328 0.432187 0.004472 0.020688
0 0.180409 0.614308 0.009551 0.025949
0 0.496826 0.789074 0.006847 0.018363
0 0.698490 0.550687 0.006267 0.018373
0 0.870329 0.537800 0.006954 0.025538
0 0.507908 0.841438 0.005917 0.019954
0 0.709724 0.550699 0.005603 0.026942
0 0.247562 0.572880 0.005615 0.015009
0 0.387853 0.387467 0.006044 0.018681
0 0.590424 0.698382 0.004548 0.018554
0 0.884780 0.427052 0.009217 0.019080
0 0.331498 0.572907 0.003505 0.019523
0 0.355022 0.326521 0.005994 0.031556
0 0.691141 0.543753 0.005885 0.019005
0 0.585188 0.760197 0.004712 0.016214
0 0.397839 0.691492 0.005804 0.033027
0 0.792075 0.540626 0.005000 0.017977
0 0.162909 0.484133 0.005704 0.015744
0 0.711349 0.759095 0.005942 0.025695
0 0.181625 0.619211 0.005127 0.015518
0 0.584668 0.905662 0.006991 0.020513
0 0.576026 0.840034 0.005701 0.019614
0 0.111510 0.573762 0.008567 0.012648
0 0.711691 0.412562 0.006717 0.024647
0 0.570439 0.559169 0.004709 0.019361
0 0.800193 0.544009 0.004219 0.022929
0 0.598447 0.891423 0.003641 0.020013
0 0.591294 0.735557 0.005124 0.020923
0 0.582741 0.719554 0.008089 0.022788
3 0.297719 0.515788 0.012511 0.020528
2 0.502247 0.917427 0.027560 0.034353
3 0.289605 0.567778 0.012358 0.019462
3 0.780044 0.459457 0.012817 0.014062
3 0.013935 0.538526 0.014904 0.017619
2 0.271595 0.531695 0.031529 0.024930
3 0.540471 0.618613 0.014146 0.029527
3 0.551651 0.479574 0.017203 0.033922
3 0.308242 0.139531 0.011028 0.020388
3 0.329778 0.597543 0.006982 0.031954
2 0.318034 0.476626 0.028112 0.047332
3 0.281831 0.201725 0.011834 0.020543
2 0.342311 0.666856 0.020005 0.046399
3 0.377909 0.515765 0.015894 0.027450
3 0.736576 0.464805 0.013376 0.020540
3 0.518203 0.449088 0.018253 0.032929
2 0.616906 0.555076 0.022571 0.036572
2 0.193904 0.513609 0.031730 0.034555
2 0.215038 0.765562 0.018441 0.055647
3 0.802865 0.446232 0.017072 0.028713
3 0.601285 0.446873 0.018909 0.028845
3 0.512438 0.538404 0.016961 0.033403
3 0.453004 0.474521 0.010816 0.023862
3 0.665686 0.569930 0.016609 0.025460
3 0.495239 0.444138 0.020688 0.030715
3 0.161593 0.574756 0.014290 0.014971
3 0.475219 0.534648 0.011406 0.043013
3 0.158613 0.498163 0.012129 0.016167
3 0.254225 0.488055 0.019831 0.030390
3 0.768491 0.549395 0.010618 0.020577
3 0.326459 0.198210 0.009326 0.024755
3 0.394647 0.287890 0.011896 0.023033
3 0.141542 0.524207 0.015165 0.022900
2 0.870082 0.948516 0.028606 0.030296
3 0.014373 0.646714 0.014272 0.015844
2 0.246301 0.517289 0.027687 0.028101
3 0.139322 0.482026 0.020971 0.022310
3 0.609416 0.585167 0.021439 0.015793
2 0.026499 0.492180 0.036047 0.025053
3 0.192277 0.616085 0.009172 0.015633
3 0.265150 0.483061 0.007257 0.016507
3 0.235091 0.555881 0.013483 0.018206
3 0.313341 0.427903 0.012923 0.023367
3 0.719649 0.432721 0.011736 0.020174
3 0.780044 0.459483 0.012817 0.014115
3 0.341245 0.278094 0.005926 0.028855
3 0.112240 0.580087 0.011103 0.024397
3 0.788198 0.545825 0.009925 0.025253
3 0.688175 0.514171 0.013819 0.020884
3 0.333365 0.527982 0.012114 0.021850
3 0.299397 0.547651 0.003713 0.013853
3 0.581410 0.434525 0.005307 0.020086
3 0.746299 0.412038 0.011170 0.017360
3 0.768451 0.549706 0.010698 0.021238
3 0.182508 0.615721 0.013113 0.021636
3 0.191178 0.616511 0.013287 0.020735
3 0.235140 0.556152 0.013587 0.019382
3 0.289605 0.567685 0.012358 0.019093
3 0.335808 0.229708 0.006195 0.023256
3 0.322829 0.222500 0.005086 0.019621
3 0.341143 0.270838 0.005133 0.015559
3 0.582508 0.545359 0.006016 0.014664
3 0.737669 0.530447 0.012423 0.019630
3 0.948854 0.542104 0.008738 0.020243
3 0.355140 0.331058 0.005757 0.022482
3 0.564080 0.632417 0.006597 0.022253
3 0.717767 0.518372 0.012427 0.024070
3 0.481524 0.463656 0.009834 0.023070
3 0.531732 0.484740 0.006228 0.021134
3 0.340581 0.395273 0.005522 0.021555
3 0.690813 0.544040 0.007089 0.019783
3 0.239759 0.496366 0.011180 0.017504
3 0.665703 0.570122 0.016642 0.025076
3 0.141542 0.524270 0.015165 0.023027
3 0.737373 0.465987 0.011852 0.014693
3 0.162897 0.484133 0.005779 0.015744
3 0.161593 0.578962 0.014290 0.022409
3 0.557164 0.608451 0.006739 0.023674
3 0.595082 0.917045 0.008497 0.018729
3 0.711274 0.415631 0.005603 0.018684
3 0.422099 0.380432 0.008560 0.023558
3 0.158613 0.499705 0.012129 0.019250
3 0.698564 0.550993 0.006740 0.018986
3 0.789308 0.540436 0.009963 0.016752
3 0.835423 0.761064 0.010775 0.024970
3 0.725407 0.412993 0.006312 0.023492
3 0.568638 0.744454 0.008395 0.025649
3 0.372035 0.639598 0.005530 0.021361
3 0.675880 0.548359 0.007566 0.029985
3 0.285583 0.179250 0.004668 0.011945
3 0.702148 0.417071 0.008633 0.016892
3 0.648727 0.565298 0.007706 0.026436
3 0.013899 0.538554 0.014773 0.017563
3 0.891625 0.439960 0.011882 0.022034
3 0.554192 0.635820 0.005928 0.024689
3 0.993584 0.508804 0.011745 0.019500
5 0.337721 0.582705 0.020523 0.041416
5 0.616906 0.555550 0.022571 0.035625
5 0.556312 0.571593 0.018559 0.041417
5 0.323646 0.309971 0.012491 0.061684
5 0.322581 0.809350 0.111829 0.064453
5 0.315515 0.410729 0.017946 0.057436
5 0.442042 0.530661 0.052954 0.096159
5 0.194395 0.515775 0.031013 0.034282
5 0.584125 0.482204 0.035076 0.045890
5 0.316998 0.253917 0.012179 0.035475
5 0.215038 0.765562 0.018441 0.055647
5 0.341109 0.172244 0.013658 0.052631
5 0.342311 0.666856 0.020005 0.046399
5 0.318150 0.476631 0.026188 0.047323
2 0.246842 0.511930 0.029981 0.041909
2 0.193871 0.514686 0.031982 0.036451
2 0.318079 0.476509 0.028625 0.047581
2 0.325306 0.355684 0.014380 0.061259
2 0.400352 0.632381 0.018467 0.032809
2 0.584019 0.481565 0.035686 0.045164
2 0.342153 0.666400 0.020518 0.047087
7 0.657501 0.931228 0.080135 0.136743
2 0.315515 0.410729 0.017946 0.057436
2 0.215032 0.765177 0.018437 0.055833
2 0.377909 0.515765 0.015894 0.027450
2 0.338195 0.581827 0.019575 0.039658
2 0.323392 0.309874 0.013000 0.061061
2 0.495419 0.435827 0.021600 0.047338
2 0.518437 0.449416 0.019084 0.033587
2 0.026499 0.491608 0.036047 0.026885
2 0.255428 0.486735 0.023429 0.033030
2 0.316964 0.253819 0.012323 0.035260
2 0.341109 0.172244 0.013658 0.052631
2 0.401882 0.247985 0.013920 0.039028
2 0.314855 0.190569 0.013286 0.039114
2 0.592233 0.659262 0.015859 0.052185
2 0.351595 0.700535 0.024804 0.056018
2 0.181000 0.483429 0.020495 0.035499
2 0.399765 0.743696 0.021866 0.029857
2 0.343043 0.328754 0.009070 0.031897
2 0.616890 0.555076 0.022630 0.036572
2 0.375973 0.253255 0.014850 0.054896
2 0.758698 0.453628 0.020631 0.033387
2 0.475161 0.534729 0.011528 0.043174
2 0.512438 0.538377 0.016961 0.033208
2 0.105627 0.528366 0.025925 0.029507
2 0.395322 0.293844 0.013124 0.035271
2 0.733866 0.452381 0.021821 0.036555
2 0.802865 0.445939 0.017072 0.028127
2 0.655227 0.468778 0.022509 0.029265
2 0.139327 0.482171 0.022541 0.023118
2 0.375314 0.693780 0.014645 0.027790
2 0.463396 0.764227 0.018811 0.037465
2 0.453001 0.474448 0.010961 0.023780
2 0.870082 0.948516 0.028606 0.030296
2 0.551639 0.479368 0.017178 0.034333
2 0.556249 0.573059 0.018397 0.044351
2 0.729785 0.576803 0.054543 0.030756
2 0.603801 0.602043 0.012423 0.041626
2 0.013935 0.538526 0.014904 0.017619
2 0.609127 0.908217 0.012207 0.019266
2 0.297689 0.515975 0.012451 0.020901
2 0.377994 0.747683 0.026379 0.035142
2 0.281863 0.201725 0.011715 0.020543
2 0.502247 0.917427 0.027560 0.034353
2 0.644451 0.323975 0.067755 0.124647
2 0.271595 0.531695 0.031529 0.024930
2 0.208726 0.657027 0.046744 0.055448
2 0.586614 0.594242 0.016615 0.032199
2 0.289597 0.567778 0.012307 0.019462
