0 0.466092 0.416946 0.004948 0.023237
0 0.459869 0.659679 0.006105 0.024347
0 0.548854 0.439506 0.006659 0.022240
0 0.378295 0.580474 0.004914 0.022637
0 0.467779 0.801693 0.004957 0.022357
0 0.293647 0.539624 0.004319 0.018858
0 0.538325 0.558645 0.006528 0.022283
0 0.473842 0.815896 0.005774 0.020990
0 0.489501 0.799783 0.004905 0.019583
0 0.616550 0.592792 0.006920 0.026448
0 0.340993 0.411372 0.007063 0.023480
0 0.461303 0.422406 0.005281 0.020096
0 0.725255 0.412264 0.006519 0.023795
0 0.436483 0.690134 0.005743 0.020929
0 0.503078 0.709889 0.006700 0.028596
0 0.660516 0.572785 0.006160 0.026373
0 0.437071 0.661409 0.006927 0.021861
0 0.371447 0.638273 0.006896 0.024810
0 0.563207 0.431670 0.007268 0.020875
0 0.418818 0.683439 0.005163 0.020187
0 0.556771 0.417554 0.004515 0.017324
0 0.417583 0.408631 0.008554 0.024516
0 0.408420 0.690297 0.007540 0.029880
0 0.592037 0.699975 0.005032 0.019669
0 0.565553 0.692584 0.007407 0.024304
0 0.510125 0.855044 0.005662 0.020956
0 0.415065 0.667375 0.004773 0.018067
0 0.530243 0.477256 0.006157 0.019542
0 0.572629 0.436846 0.004930 0.018581
0 0.188653 0.621738 0.003677 0.014820
0 0.696512 0.425713 0.005710 0.018578
0 0.553675 0.493012 0.008072 0.028197
0 0.496781 0.789137 0.006602 0.019117
0 0.415297 0.406171 0.004507 0.019854
0 0.709320 0.550531 0.005426 0.028457
0 0.711792 0.411542 0.006785 0.024867
0 0.449374 0.769162 0.004377 0.018600
0 0.705072 0.768799 0.006154 0.026218
0 0.361149 0.368032 0.004643 0.017868
0 0.655390 0.558333 0.009183 0.028813
0 0.455203 0.714848 0.010532 0.024552
0 0.589961 0.725412 0.005359 0.019027
0 0.398238 0.667519 0.004557 0.020285
0 0.703141 0.404514 0.006783 0.016237
0 0.592152 0.870343 0.005955 0.018223
0 0.870106 0.537326 0.006948 0.026125
0 0.346809 0.726660 0.003800 0.012819
0 0.588996 0.746739 0.006769 0.026254
0 0.484826 0.855644 0.008550 0.022050
0 0.431343 0.439265 0.004736 0.019562
0 0.730713 0.778526 0.005678 0.025505
0 0.561189 0.410846 0.004491 0.014018
0 0.387251 0.385128 0.007279 0.019391
2 0.501788 0.917164 0.026920 0.035465
3 0.308090 0.139186 0.010816 0.021028
2 0.299965 0.492522 0.028536 0.041731
3 0.118305 0.512706 0.016393 0.021160
3 0.603534 0.601238 0.012245 0.040936
3 0.281499 0.200438 0.012070 0.020674
3 0.557792 0.601840 0.007704 0.024225
3 0.275474 0.532435 0.021061 0.020161
3 0.255410 0.484208 0.022636 0.026052
3 0.267350 0.511191 0.012072 0.014450
2 0.341885 0.666180 0.020603 0.047068
3 0.518295 0.447759 0.018116 0.034962
2 0.591554 0.658875 0.014993 0.053658
3 0.803237 0.763221 0.017819 0.020799
3 0.775903 0.769603 0.013128 0.020842
3 0.552120 0.575586 0.015586 0.033672
3 0.328215 0.561686 0.012401 0.023392
3 0.768569 0.460574 0.010990 0.013503
3 0.742098 0.455655 0.020788 0.031475
3 0.460167 0.637254 0.009776 0.020800
2 0.214633 0.764765 0.017432 0.056454
3 0.616402 0.552870 0.022187 0.033970
2 0.569184 0.481482 0.036603 0.043575
3 0.375260 0.693123 0.015045 0.027631
3 0.595905 0.448829 0.008304 0.030350
3 0.329843 0.597316 0.007094 0.033054
3 0.692326 0.689261 0.012548 0.016780
3 0.504945 0.424236 0.010739 0.019494
2 0.870121 0.947431 0.029448 0.030160
3 0.341920 0.196811 0.010510 0.014537
3 0.539227 0.481157 0.015793 0.019944
3 0.495646 0.443508 0.018068 0.030223
3 0.207721 0.473174 0.012576 0.010695
3 0.668658 0.566976 0.009741 0.021632
2 0.183528 0.513481 0.030471 0.033608
3 0.495747 0.500857 0.017322 0.033971
3 0.708751 0.469431 0.011824 0.017009
2 0.206995 0.686767 0.027049 0.031287
3 0.328215 0.561686 0.012401 0.023392
3 0.725964 0.430945 0.012248 0.021431
3 0.339629 0.322204 0.005816 0.028706
3 0.768368 0.549037 0.010857 0.021454
3 0.338360 0.270784 0.006592 0.033323
3 0.433454 0.443401 0.009848 0.024744
3 0.746353 0.411054 0.011661 0.017745
3 0.697327 0.545920 0.010797 0.032241
3 0.465399 0.439799 0.009533 0.022055
3 0.285436 0.178544 0.004790 0.012486
3 0.338536 0.261273 0.005729 0.017640
3 0.186422 0.615613 0.021498 0.023035
3 0.310793 0.537356 0.011595 0.020132
3 0.417470 0.409005 0.009059 0.023406
3 0.594218 0.878439 0.005407 0.020218
3 0.668721 0.567381 0.009867 0.022443
3 0.723725 0.509731 0.014613 0.022829
3 0.681674 0.546231 0.010806 0.034362
3 0.709164 0.470208 0.011857 0.014576
3 0.582385 0.544656 0.006028 0.015380
3 0.538376 0.558450 0.006442 0.021894
3 0.638557 0.591103 0.013543 0.023145
3 0.503294 0.710663 0.006098 0.027305
3 0.788383 0.544161 0.010406 0.023964
3 0.372023 0.638586 0.005528 0.023467
3 0.565553 0.692310 0.007407 0.024851
3 0.943422 0.449189 0.013887 0.019654
3 0.510125 0.855044 0.005662 0.020956
3 0.616442 0.592870 0.006884 0.026447
3 0.752106 0.509542 0.013045 0.016278
3 0.730884 0.546903 0.017063 0.023477
3 0.438791 0.626162 0.009080 0.021634
3 0.768569 0.460574 0.010990 0.013503
3 0.455203 0.714799 0.010532 0.024455
3 0.461929 0.746543 0.011252 0.013598
3 0.702250 0.416417 0.008991 0.016675
3 0.582621 0.889823 0.006649 0.017831
3 0.530243 0.477259 0.006157 0.019535
3 0.567169 0.534752 0.009708 0.020684
3 0.340657 0.411119 0.005915 0.022973
3 0.127140 0.594415 0.010510 0.021379
3 0.816082 0.542076 0.007514 0.024413
3 0.234220 0.494756 0.013012 0.019920
3 0.779783 0.423918 0.011926 0.013011
3 0.460167 0.637254 0.009776 0.020800
3 0.683873 0.562078 0.012042 0.018268
3 0.586343 0.744966 0.012075 0.029800
3 0.711358 0.415166 0.005676 0.018175
3 0.484826 0.855644 0.008550 0.022050
3 0.563324 0.431672 0.007034 0.020872
3 0.655567 0.558500 0.008713 0.024818
3 0.801039 0.542614 0.007114 0.025170
3 0.556126 0.419867 0.003550 0.012838
3 0.725255 0.412264 0.006519 0.023795
3 0.199791 0.579514 0.013906 0.022588
3 0.696512 0.425713 0.005710 0.018578
5 0.316845 0.264560 0.012677 0.059221
5 0.321944 0.809827 0.110555 0.066361
5 0.323557 0.309559 0.012627 0.061260
5 0.441484 0.529589 0.053290 0.093622
5 0.228045 0.517707 0.027466 0.026465
5 0.657421 0.931026 0.078894 0.137288
5 0.183890 0.515153 0.031049 0.034203
5 0.299935 0.493541 0.027022 0.042432
5 0.315543 0.410378 0.018032 0.057901
5 0.616759 0.554668 0.022482 0.037001
5 0.314767 0.188494 0.013505 0.036327
2 0.229789 0.508245 0.031068 0.045990
2 0.341885 0.666142 0.020603 0.046992
2 0.183776 0.514271 0.031347 0.035675
2 0.299965 0.493431 0.028536 0.043549
2 0.325315 0.354772 0.014572 0.062528
2 0.323557 0.309559 0.012627 0.061260
2 0.214633 0.764629 0.017432 0.056182
7 0.657421 0.930931 0.078894 0.137097
2 0.569184 0.481482 0.036603 0.043575
2 0.518322 0.449525 0.018741 0.031763
2 0.315543 0.410357 0.018032 0.057859
2 0.400186 0.631887 0.018318 0.032498
2 0.494872 0.508900 0.019612 0.050376
2 0.316845 0.264401 0.012677 0.058904
2 0.343930 0.363769 0.009735 0.047763
2 0.591923 0.658784 0.015732 0.053474
2 0.392357 0.541321 0.015433 0.029737
2 0.463231 0.765324 0.018633 0.036737
2 0.495180 0.435286 0.022803 0.047671
2 0.335891 0.598404 0.019311 0.037109
2 0.314750 0.188494 0.013539 0.036327
2 0.361020 0.586388 0.018156 0.034320
2 0.342377 0.216088 0.012390 0.052594
2 0.372552 0.209088 0.014677 0.057525
2 0.375260 0.693123 0.015045 0.027631
2 0.351740 0.699106 0.024798 0.055483
2 0.398884 0.742497 0.020582 0.028667
2 0.095329 0.595693 0.030038 0.032447
2 0.401796 0.246321 0.012369 0.037528
2 0.471671 0.511275 0.013025 0.043157
2 0.532521 0.606509 0.016620 0.041995
2 0.538599 0.487653 0.017231 0.033878
2 0.552090 0.582321 0.018077 0.047699
2 0.616660 0.554527 0.022702 0.037283
2 0.025610 0.490672 0.032985 0.025211
2 0.603534 0.601280 0.012245 0.041378
2 0.178658 0.482443 0.022841 0.035203
2 0.209983 0.663715 0.047705 0.071632
2 0.501788 0.917164 0.026920 0.035465
2 0.742098 0.454889 0.020788 0.033549
2 0.139837 0.483644 0.022368 0.026526
2 0.870121 0.947431 0.029448 0.030160
2 0.586192 0.594072 0.016677 0.032712
2 0.730185 0.576022 0.052330 0.031425
2 0.629063 0.471479 0.028487 0.032470
2 0.389648 0.265808 0.008565 0.024872
2 0.803883 0.778340 0.017479 0.049414
2 0.714943 0.454061 0.020890 0.038149
2 0.510492 0.098695 0.042862 0.077494
2 0.255599 0.484208 0.022258 0.026052
2 0.328215 0.561686 0.012401 0.023392
2 0.568008 0.300641 0.054866 0.065130
2 0.433435 0.443401 0.009810 0.024744
2 0.571655 0.622737 0.009755 0.029403
2 0.460167 0.637254 0.009776 0.020800
2 0.381219 0.745036 0.019619 0.031140
2 0.282775 0.069595 0.008445 0.034935
2 0.399900 0.335271 0.007471 0.025110
2 0.781928 0.453086 0.019208 0.022576
2 0.459632 0.258527 0.058778 0.123124
2 0.854614 0.774843 0.014523 0.050678
2 0.277140 0.532330 0.016692 0.019952
2 0.774341 0.783821 0.016283 0.050658
