0 0.340810 0.405817 0.004102 0.021891
0 0.378867 0.583137 0.005148 0.021926
0 0.660295 0.573104 0.005877 0.026973
0 0.552292 0.440797 0.006099 0.021446
0 0.467729 0.421716 0.005024 0.022662
0 0.457966 0.660922 0.005894 0.022569
0 0.472170 0.814513 0.004589 0.018389
0 0.490216 0.801910 0.004531 0.021464
0 0.434498 0.686483 0.006437 0.021479
0 0.416145 0.406974 0.006134 0.031523
0 0.188745 0.622151 0.003928 0.014645
0 0.539719 0.562576 0.006895 0.022056
0 0.576483 0.435788 0.005804 0.019438
0 0.616186 0.591640 0.006781 0.026033
0 0.509213 0.850415 0.005635 0.019468
0 0.296446 0.541613 0.005073 0.017767
0 0.530745 0.479627 0.005660 0.021049
0 0.415999 0.412476 0.005556 0.022132
0 0.652302 0.561828 0.009047 0.032694
0 0.457051 0.715174 0.006688 0.024444
0 0.468625 0.803206 0.004585 0.021243
0 0.567352 0.710998 0.006974 0.025374
0 0.725303 0.412156 0.006611 0.022348
0 0.502294 0.697787 0.006744 0.025528
0 0.557146 0.417684 0.004453 0.018375
0 0.463726 0.424889 0.007439 0.023259
0 0.696610 0.426286 0.005334 0.017952
0 0.562245 0.432628 0.005083 0.019813
0 0.371807 0.638282 0.007288 0.023980
0 0.694447 0.541670 0.007627 0.021813
0 0.591374 0.699945 0.005410 0.018390
0 0.418762 0.683610 0.004558 0.020427
0 0.679490 0.544691 0.009265 0.036230
0 0.557751 0.520973 0.005696 0.019191
0 0.359404 0.350484 0.004836 0.017552
0 0.496782 0.788883 0.006797 0.018493
0 0.322115 0.215341 0.004190 0.020780
0 0.711744 0.412149 0.006981 0.024984
0 0.387716 0.387455 0.005224 0.019296
0 0.178827 0.617786 0.005435 0.017829
0 0.546319 0.847123 0.005016 0.018153
0 0.433627 0.660424 0.005251 0.020740
0 0.592863 0.871890 0.005356 0.018876
0 0.585556 0.738065 0.008710 0.032717
0 0.511541 0.430307 0.004077 0.020296
0 0.408854 0.690274 0.007298 0.030233
0 0.709535 0.550859 0.005300 0.026059
0 0.181646 0.620567 0.004897 0.013451
0 0.791942 0.540669 0.004986 0.018313
2 0.502096 0.917403 0.027121 0.034634
3 0.308155 0.139420 0.011010 0.020400
3 0.281553 0.201217 0.012279 0.020968
3 0.313278 0.564581 0.012467 0.022375
3 0.125691 0.510393 0.010841 0.015279
3 0.276794 0.533841 0.016635 0.017396
2 0.342176 0.666784 0.020107 0.046270
2 0.305847 0.487586 0.029113 0.041555
3 0.186098 0.574966 0.013935 0.012405
3 0.278469 0.514115 0.012426 0.017829
3 0.748602 0.454795 0.020475 0.033899
3 0.772600 0.461029 0.011588 0.013817
2 0.575209 0.477993 0.033847 0.036603
3 0.600965 0.448999 0.018608 0.031684
3 0.584792 0.887626 0.006231 0.014111
2 0.214820 0.765623 0.018012 0.054966
2 0.616751 0.555145 0.022955 0.036696
3 0.519055 0.441731 0.016135 0.017213
3 0.789521 0.450723 0.016792 0.028082
3 0.167391 0.492430 0.010683 0.011915
3 0.253841 0.480576 0.018821 0.016224
3 0.386980 0.530782 0.015063 0.027060
3 0.375314 0.693053 0.014765 0.026916
3 0.609060 0.907788 0.012179 0.018638
2 0.591746 0.659843 0.014937 0.052169
3 0.407791 0.351674 0.008910 0.024264
3 0.609201 0.585646 0.020809 0.014825
3 0.122180 0.530840 0.012567 0.014456
3 0.319788 0.534408 0.011747 0.021668
3 0.768451 0.549356 0.010840 0.020767
2 0.315475 0.410985 0.017798 0.057344
3 0.603750 0.601887 0.012458 0.041355
3 0.723597 0.429604 0.012453 0.018479
3 0.835491 0.497804 0.012271 0.023476
3 0.340755 0.306183 0.005837 0.028465
3 0.593964 0.911507 0.008193 0.019322
3 0.710372 0.510186 0.015032 0.024639
3 0.583134 0.896719 0.006572 0.016986
3 0.337520 0.254024 0.006910 0.034567
3 0.319837 0.534528 0.011845 0.021962
3 0.746260 0.411871 0.011518 0.017800
3 0.313278 0.564617 0.012467 0.022303
3 0.768413 0.549773 0.011000 0.021889
3 0.738871 0.513153 0.013591 0.018980
3 0.372030 0.638848 0.005743 0.022648
3 0.788001 0.545833 0.009509 0.024280
3 0.555367 0.611658 0.007625 0.028374
3 0.594652 0.878755 0.008633 0.027194
3 0.877027 0.501527 0.013679 0.021541
3 0.679525 0.546480 0.009617 0.032804
3 0.875920 0.440116 0.012418 0.021461
3 0.285335 0.178987 0.005032 0.012014
3 0.772579 0.461038 0.011630 0.013836
3 0.730743 0.546671 0.015322 0.022724
3 0.962043 0.449209 0.013886 0.017896
3 0.121466 0.588060 0.010943 0.023534
3 0.584792 0.887626 0.006231 0.014111
3 0.278541 0.513712 0.012282 0.017024
3 0.567352 0.710998 0.006974 0.025374
3 0.440367 0.455462 0.010755 0.025254
3 0.652504 0.560889 0.008265 0.030389
3 0.668895 0.567693 0.010013 0.022227
3 0.191953 0.615652 0.009651 0.015460
3 0.238039 0.495262 0.013811 0.019017
3 0.502277 0.696029 0.005680 0.027670
3 0.562448 0.623604 0.006290 0.022582
3 0.695946 0.544064 0.010961 0.026559
3 0.892348 0.535263 0.013601 0.024305
3 0.615841 0.594843 0.006097 0.020304
3 0.582282 0.545442 0.005699 0.014027
3 0.471879 0.449283 0.009528 0.021545
3 0.801257 0.542992 0.007080 0.025159
3 0.816294 0.542504 0.007653 0.024685
3 0.948825 0.541956 0.008743 0.020783
3 0.296446 0.541637 0.005073 0.017493
3 0.415831 0.412331 0.004938 0.021841
3 0.930936 0.539149 0.012818 0.023539
3 0.684412 0.564811 0.009540 0.014092
3 0.576475 0.435823 0.006206 0.019175
3 0.186184 0.577662 0.014782 0.024372
3 0.780061 0.424750 0.012180 0.013664
3 0.748710 0.455362 0.020638 0.032821
3 0.461912 0.747066 0.011322 0.013856
5 0.323512 0.309882 0.012319 0.061427
5 0.616818 0.555145 0.022823 0.036696
5 0.441525 0.529779 0.053208 0.093478
5 0.187986 0.515035 0.030961 0.033701
5 0.343599 0.354133 0.009641 0.047777
5 0.342176 0.666784 0.020107 0.046270
5 0.315438 0.410985 0.017870 0.057344
5 0.316883 0.264707 0.012480 0.058935
5 0.322600 0.809776 0.111867 0.065177
2 0.305712 0.488551 0.029477 0.045379
2 0.325213 0.354558 0.014447 0.059720
2 0.315509 0.410887 0.018070 0.057688
2 0.400360 0.632198 0.018344 0.032822
2 0.234699 0.509782 0.029735 0.045187
2 0.341968 0.666508 0.020693 0.046751
2 0.187429 0.514426 0.032075 0.034920
2 0.341921 0.201837 0.012327 0.051208
2 0.574776 0.480158 0.034714 0.044144
2 0.214845 0.765286 0.018207 0.055212
2 0.323172 0.309868 0.012999 0.061123
2 0.386851 0.531341 0.015514 0.028600
2 0.657723 0.930975 0.079831 0.137101
2 0.496706 0.435810 0.023907 0.048861
2 0.352995 0.583272 0.018026 0.034196
2 0.343599 0.354133 0.009641 0.047777
2 0.591999 0.659674 0.015617 0.053682
2 0.314668 0.188803 0.013493 0.036065
2 0.351675 0.699675 0.024972 0.055968
2 0.518209 0.449282 0.018641 0.032775
2 0.552991 0.578408 0.016836 0.044767
2 0.722696 0.456181 0.019812 0.036593
2 0.316883 0.264707 0.012480 0.058935
2 0.374087 0.226111 0.013796 0.050867
2 0.501536 0.522997 0.019804 0.050823
2 0.026780 0.490883 0.035046 0.026865
2 0.402365 0.248387 0.013681 0.039824
2 0.616762 0.555145 0.022976 0.036696
2 0.375314 0.693053 0.014765 0.026916
2 0.748638 0.454805 0.020588 0.033919
2 0.391536 0.275703 0.011959 0.036659
2 0.463413 0.763362 0.019203 0.039799
2 0.543261 0.485249 0.017230 0.034491
2 0.335767 0.594104 0.018765 0.026263
2 0.534851 0.613107 0.016910 0.041916
2 0.399462 0.742821 0.021135 0.028516
2 0.640738 0.470785 0.022990 0.031426
2 0.788999 0.451430 0.020709 0.029496
2 0.440344 0.455411 0.010864 0.025152
2 0.091671 0.523584 0.022036 0.015671
2 0.460273 0.265132 0.056904 0.106782
2 0.313280 0.564617 0.012403 0.022303
2 0.609060 0.907788 0.012179 0.018638
2 0.473250 0.519999 0.012125 0.043168
2 0.502096 0.917403 0.027121 0.034634
2 0.471879 0.449283 0.009528 0.021545
2 0.281568 0.201217 0.012250 0.020968
2 0.729993 0.576459 0.053684 0.030974
2 0.603750 0.601887 0.012458 0.041355
2 0.586126 0.607854 0.022819 0.059628
2 0.434487 0.897137 0.038682 0.059834
2 0.407791 0.351674 0.008910 0.024264
2 0.308155 0.139420 0.011010 0.020400
2 0.388037 0.695876 0.015807 0.038558
2 0.870010 0.948279 0.028982 0.030235
2 0.571581 0.623196 0.009920 0.030879
2 0.138167 0.484080 0.020230 0.028232
2 0.595993 0.449529 0.008310 0.030625
2 0.174455 0.484929 0.028149 0.039450
2 0.255489 0.486426 0.021292 0.030193
