0 0.379560 0.584280 0.005244 0.022839
0 0.340196 0.403873 0.006048 0.023582
0 0.457694 0.660209 0.004967 0.023227
0 0.660315 0.572925 0.006251 0.027088
0 0.552880 0.440635 0.005458 0.021396
0 0.296395 0.542540 0.005868 0.022107
0 0.651518 0.561105 0.008946 0.029804
0 0.725418 0.412199 0.006765 0.022281
0 0.490673 0.804471 0.004774 0.019891
0 0.502203 0.691774 0.006532 0.027932
0 0.678728 0.547038 0.008863 0.032992
0 0.593422 0.874080 0.005698 0.019348
0 0.415561 0.407507 0.006511 0.033142
0 0.468129 0.422492 0.004754 0.023021
0 0.577303 0.436145 0.004797 0.019911
0 0.540519 0.564663 0.007230 0.022501
0 0.616080 0.591108 0.006945 0.025559
0 0.457524 0.714956 0.005663 0.025149
0 0.433947 0.684222 0.006327 0.022455
0 0.531042 0.481160 0.005628 0.020519
0 0.371844 0.637813 0.007476 0.024504
0 0.464345 0.426252 0.008034 0.024980
0 0.696738 0.426489 0.005372 0.017924
0 0.693602 0.541792 0.008151 0.022280
0 0.322596 0.217187 0.005188 0.020486
0 0.711646 0.412449 0.006833 0.024592
0 0.557792 0.521333 0.005474 0.018684
0 0.418931 0.683836 0.004872 0.020501
0 0.415595 0.413242 0.005801 0.022412
0 0.188655 0.621885 0.003962 0.015151
0 0.387721 0.387547 0.005509 0.019470
0 0.698341 0.551184 0.007183 0.022576
0 0.709502 0.550749 0.005315 0.026137
0 0.557111 0.417259 0.004014 0.017754
0 0.870323 0.537780 0.007336 0.026076
0 0.496827 0.788917 0.006814 0.018712
0 0.358429 0.349042 0.005426 0.029737
0 0.591108 0.699960 0.004947 0.018145
0 0.508856 0.847388 0.005720 0.020685
0 0.705099 0.768996 0.005982 0.026396
0 0.692214 0.417485 0.006004 0.025748
0 0.787496 0.546744 0.009368 0.024702
0 0.567902 0.719227 0.008336 0.025081
0 0.585573 0.740519 0.008793 0.039801
0 0.760825 0.736114 0.007279 0.020669
0 0.710063 0.762366 0.007571 0.028255
0 0.180247 0.614088 0.008623 0.026113
0 0.411160 0.665344 0.005124 0.018613
0 0.336817 0.235126 0.004277 0.012348
0 0.319352 0.047963 0.005049 0.014322
0 0.340895 0.292324 0.005194 0.015219
0 0.791877 0.540918 0.005313 0.018527
0 0.554314 0.618931 0.006877 0.023628
2 0.502006 0.917415 0.027506 0.034551
2 0.576930 0.478026 0.033683 0.036514
3 0.276937 0.532746 0.016210 0.020063
3 0.283315 0.514046 0.012775 0.018094
3 0.308161 0.139316 0.011067 0.020276
3 0.306923 0.565694 0.012299 0.021606
3 0.130963 0.510816 0.014829 0.016590
2 0.342231 0.666752 0.020248 0.046731
2 0.309452 0.484746 0.028361 0.042753
3 0.281570 0.201368 0.012129 0.020636
3 0.792188 0.450881 0.017204 0.025688
3 0.545170 0.483939 0.016573 0.034544
2 0.026681 0.492089 0.035082 0.025282
3 0.553757 0.574935 0.017468 0.041952
2 0.616804 0.554925 0.023130 0.036720
2 0.214979 0.765440 0.018484 0.055970
2 0.591777 0.660035 0.015269 0.053518
3 0.323493 0.532063 0.011905 0.020701
3 0.603693 0.601955 0.012471 0.041640
3 0.774211 0.461114 0.012493 0.014205
3 0.329858 0.597221 0.007116 0.031593
2 0.235854 0.515818 0.027512 0.029515
2 0.189127 0.512865 0.032711 0.032682
3 0.443738 0.460459 0.010819 0.025317
3 0.751605 0.452774 0.019894 0.031267
3 0.723655 0.464928 0.013078 0.017890
3 0.375225 0.693537 0.014725 0.027801
3 0.668884 0.567959 0.010029 0.022335
3 0.536430 0.611029 0.015917 0.032118
3 0.473820 0.523536 0.012063 0.043139
3 0.496241 0.443448 0.018686 0.030105
3 0.255510 0.483976 0.021555 0.025995
2 0.870106 0.948444 0.028947 0.030401
3 0.165325 0.494392 0.012249 0.014320
3 0.180068 0.577671 0.013899 0.018021
3 0.644210 0.470458 0.023003 0.030359
3 0.775748 0.770275 0.013496 0.019511
3 0.768485 0.549407 0.010848 0.020553
3 0.608974 0.907796 0.012186 0.018358
3 0.141069 0.661935 0.009002 0.011676
3 0.722733 0.429802 0.012951 0.016980
3 0.829137 0.498172 0.014853 0.023994
3 0.704387 0.512287 0.013645 0.022334
3 0.733498 0.515074 0.014861 0.020847
3 0.773938 0.460914 0.011461 0.013876
3 0.746215 0.411803 0.011323 0.017514
3 0.567902 0.719227 0.008336 0.025081
3 0.768451 0.550297 0.010981 0.022616
3 0.969771 0.449449 0.013914 0.018109
3 0.340904 0.299630 0.005971 0.028618
3 0.879576 0.439823 0.012132 0.021520
3 0.372054 0.638903 0.005593 0.022950
3 0.594348 0.912161 0.008358 0.020484
3 0.358654 0.354424 0.005469 0.022010
3 0.127155 0.528180 0.011761 0.020571
3 0.787992 0.546002 0.009512 0.024823
3 0.695784 0.545225 0.012706 0.029146
3 0.285417 0.178858 0.004891 0.011985
3 0.449323 0.627724 0.009967 0.023254
3 0.283329 0.513897 0.012532 0.017361
3 0.410894 0.358591 0.008493 0.023633
3 0.668884 0.568741 0.010029 0.023898
3 0.296949 0.545783 0.003731 0.012368
3 0.583617 0.899745 0.006847 0.017906
3 0.651747 0.561552 0.008753 0.029327
3 0.816307 0.542380 0.007513 0.024928
3 0.554293 0.619141 0.006920 0.024047
3 0.595326 0.884226 0.008386 0.021061
3 0.119607 0.586547 0.010974 0.025185
3 0.502057 0.692063 0.005757 0.026892
3 0.615752 0.594795 0.006236 0.019106
3 0.508811 0.847538 0.005809 0.020985
3 0.678741 0.547195 0.008830 0.033306
3 0.443738 0.460459 0.010819 0.025317
3 0.323040 0.532997 0.013114 0.022029
3 0.702095 0.416874 0.008769 0.017634
3 0.856393 0.530093 0.009456 0.021019
3 0.732048 0.546931 0.017657 0.021762
3 0.750201 0.461574 0.015155 0.018083
3 0.984617 0.486358 0.015590 0.021218
3 0.871535 0.500487 0.013956 0.022370
3 0.725418 0.412199 0.006765 0.022281
3 0.582309 0.545578 0.005626 0.013697
3 0.801350 0.543074 0.007236 0.025589
3 0.164409 0.495436 0.013489 0.027489
3 0.930864 0.539128 0.012742 0.023259
3 0.948829 0.541900 0.008872 0.020724
3 0.308161 0.139316 0.011067 0.020276
3 0.683982 0.561829 0.009973 0.020770
3 0.180032 0.579353 0.013981 0.021384
3 0.792811 0.436325 0.011801 0.012504
3 0.191692 0.616580 0.011882 0.020772
3 0.306889 0.565307 0.012207 0.020398
3 0.474474 0.453014 0.009415 0.022763
3 0.415163 0.412774 0.004892 0.021477
3 0.455395 0.715272 0.010540 0.024676
3 0.340584 0.406749 0.004119 0.015536
3 0.555756 0.612354 0.004845 0.015759
3 0.484959 0.855605 0.008519 0.021680
3 0.587812 0.731863 0.010175 0.025333
3 0.541878 0.694891 0.014945 0.026027
3 0.741102 0.530825 0.011694 0.023588
3 0.585219 0.889161 0.005837 0.013488
3 0.461795 0.747157 0.011407 0.013802
3 0.780013 0.425000 0.012040 0.013480
3 0.182174 0.616266 0.012249 0.021234
3 0.953222 0.405367 0.013481 0.025524
5 0.322753 0.809488 0.112172 0.063838
5 0.441625 0.530256 0.052855 0.094135
5 0.316907 0.265060 0.012574 0.059341
5 0.616952 0.554925 0.022833 0.036720
5 0.323598 0.309714 0.012516 0.060753
5 0.315439 0.410967 0.017836 0.057396
5 0.657574 0.931608 0.078070 0.135633
5 0.374287 0.234411 0.014110 0.054427
5 0.342231 0.666752 0.020248 0.046731
5 0.545170 0.484038 0.016573 0.034744
2 0.325215 0.354526 0.014381 0.059007
2 0.309452 0.484774 0.028361 0.043833
2 0.189169 0.514656 0.032628 0.036264
2 0.236455 0.517106 0.028713 0.032091
2 0.341886 0.666480 0.021123 0.047222
2 0.400334 0.632205 0.018707 0.032819
7 0.657484 0.931058 0.079981 0.136942
2 0.323282 0.309714 0.013148 0.060753
2 0.384547 0.527403 0.015763 0.028434
2 0.349443 0.582300 0.018170 0.033679
2 0.576973 0.479364 0.034545 0.040136
2 0.214979 0.765271 0.018484 0.055631
2 0.314781 0.189461 0.013396 0.036379
2 0.496052 0.435714 0.022215 0.048580
2 0.725706 0.455587 0.019623 0.035451
2 0.343586 0.350339 0.009576 0.048040
2 0.503993 0.528293 0.019176 0.050681
2 0.316897 0.253724 0.012262 0.036417
2 0.351457 0.700057 0.025630 0.057217
2 0.518156 0.450158 0.018608 0.031522
2 0.553584 0.576965 0.017303 0.046011
2 0.592345 0.660035 0.016405 0.053518
2 0.315439 0.411051 0.017837 0.057228
2 0.545152 0.483881 0.016609 0.034660
2 0.341997 0.194222 0.013348 0.051941
2 0.375225 0.693537 0.014725 0.027801
2 0.463125 0.766734 0.018958 0.034858
2 0.401940 0.247945 0.013107 0.039458
2 0.335723 0.599778 0.019160 0.037803
2 0.399612 0.743439 0.021525 0.029447
2 0.174104 0.486426 0.030016 0.042733
2 0.751409 0.454029 0.020569 0.033777
2 0.392647 0.279752 0.010908 0.035242
2 0.026681 0.491372 0.035082 0.026715
2 0.616804 0.554925 0.023130 0.036720
2 0.373510 0.224594 0.011331 0.033595
2 0.458264 0.582252 0.021958 0.047965
2 0.536430 0.611029 0.015917 0.032118
2 0.792188 0.450881 0.017204 0.025688
2 0.443738 0.460459 0.010819 0.025317
2 0.608974 0.907796 0.012186 0.018358
2 0.460614 0.264578 0.057628 0.108421
2 0.473820 0.523536 0.012063 0.043139
2 0.603693 0.601870 0.012471 0.041974
2 0.137507 0.483744 0.019248 0.026834
2 0.283249 0.514046 0.012642 0.018094
2 0.586207 0.608129 0.022410 0.060545
2 0.870106 0.948444 0.028947 0.030401
2 0.502006 0.917415 0.027506 0.034551
2 0.281570 0.201368 0.012129 0.020636
2 0.323497 0.532000 0.011914 0.020576
2 0.269437 0.527440 0.032095 0.033185
2 0.644833 0.470438 0.024356 0.030399
2 0.308161 0.139316 0.011067 0.020276
2 0.434003 0.899570 0.038738 0.057256
2 0.729946 0.576463 0.054176 0.031187
2 0.255510 0.483976 0.021555 0.025995
2 0.644003 0.320966 0.067384 0.129284
2 0.306878 0.565694 0.012183 0.021606
2 0.388223 0.696030 0.016262 0.038492
2 0.571602 0.623741 0.010082 0.031081
2 0.854861 0.776304 0.014703 0.050674
2 0.474474 0.453014 0.009415 0.022763
2 0.510504 0.099260 0.042502 0.078671
2 0.805420 0.778826 0.017096 0.047193
2 0.174738 0.659880 0.034084 0.052151
