0 0.548290 0.439435 0.006631 0.021832
0 0.465870 0.416055 0.004823 0.022127
0 0.376809 0.580195 0.007947 0.023936
0 0.467321 0.801632 0.004515 0.021747
0 0.489330 0.799425 0.004553 0.019396
0 0.340784 0.411841 0.006655 0.022887
0 0.537871 0.557814 0.006986 0.021395
0 0.460631 0.659278 0.006076 0.023322
0 0.474221 0.815866 0.006529 0.021281
0 0.417531 0.408969 0.008149 0.023487
0 0.616682 0.592850 0.006868 0.026331
0 0.461678 0.419879 0.004633 0.016424
0 0.503387 0.712054 0.006544 0.027742
0 0.562471 0.431612 0.005518 0.019627
0 0.592118 0.700005 0.004957 0.019847
0 0.436922 0.690483 0.005278 0.020542
0 0.725299 0.412159 0.006473 0.023390
0 0.565316 0.688633 0.007778 0.024213
0 0.415339 0.406473 0.004323 0.019241
0 0.660515 0.572538 0.006085 0.026757
0 0.438226 0.661626 0.007256 0.023253
0 0.556750 0.417480 0.004484 0.016758
0 0.293307 0.538869 0.005137 0.018332
0 0.571981 0.436576 0.005123 0.017323
0 0.589818 0.726072 0.005885 0.020166
0 0.530425 0.477094 0.006134 0.019716
0 0.455214 0.714618 0.010379 0.024772
0 0.418854 0.683392 0.005177 0.020425
0 0.371392 0.638062 0.006974 0.024814
0 0.188589 0.621602 0.003758 0.014602
0 0.583372 0.739097 0.005879 0.022938
0 0.711791 0.411596 0.006764 0.025001
0 0.696469 0.425466 0.005771 0.018389
0 0.449479 0.769353 0.004405 0.018512
0 0.509976 0.857044 0.005578 0.018612
0 0.709119 0.550165 0.005228 0.028194
0 0.496782 0.788806 0.006735 0.018522
0 0.408433 0.690631 0.007774 0.031197
0 0.588516 0.807675 0.007689 0.039676
0 0.755854 0.740504 0.005142 0.018327
0 0.574737 0.797534 0.005615 0.023380
0 0.387444 0.385204 0.006965 0.019545
0 0.594171 0.877303 0.004527 0.019176
0 0.415874 0.667499 0.004743 0.018217
0 0.462672 0.437825 0.006389 0.023057
0 0.431927 0.439985 0.009994 0.024759
0 0.484746 0.855444 0.008418 0.021879
0 0.703670 0.404763 0.007858 0.016505
0 0.361247 0.371081 0.004863 0.016354
0 0.346810 0.726207 0.003775 0.013313
0 0.236824 0.566539 0.007018 0.024876
0 0.546096 0.845969 0.005198 0.018313
0 0.591815 0.869830 0.005700 0.018517
0 0.698485 0.547170 0.010060 0.034591
0 0.787150 0.546595 0.009141 0.023627
0 0.397661 0.673248 0.006405 0.030304
2 0.501680 0.916957 0.027137 0.035047
3 0.276377 0.530493 0.021914 0.024497
3 0.308073 0.139585 0.010778 0.021794
2 0.298851 0.494074 0.028624 0.044696
3 0.281553 0.200055 0.011977 0.020812
3 0.603515 0.601316 0.012204 0.040748
2 0.341942 0.665761 0.020723 0.047530
3 0.740456 0.456260 0.020392 0.032793
3 0.328795 0.561163 0.009096 0.022826
3 0.117593 0.511637 0.014888 0.015395
3 0.781237 0.450637 0.017913 0.022465
3 0.518818 0.440561 0.016740 0.021506
3 0.255446 0.486159 0.022393 0.027738
2 0.214560 0.764590 0.017321 0.057449
2 0.182713 0.513321 0.032780 0.034340
3 0.551898 0.575625 0.015867 0.033909
3 0.803297 0.763579 0.017820 0.021085
3 0.265049 0.511971 0.010998 0.017095
2 0.591477 0.658698 0.015015 0.053342
3 0.768118 0.460369 0.011370 0.013483
2 0.870047 0.947003 0.029925 0.029933
3 0.309310 0.538239 0.012309 0.018338
2 0.096603 0.595259 0.030557 0.031603
3 0.775878 0.769860 0.013027 0.020978
3 0.207753 0.472855 0.012881 0.010785
2 0.227761 0.514502 0.028286 0.030280
3 0.375426 0.693095 0.014938 0.027718
3 0.538371 0.481716 0.016188 0.020496
2 0.567747 0.481831 0.035144 0.043773
3 0.335595 0.598107 0.019221 0.036066
3 0.616551 0.552867 0.022130 0.034360
2 0.463313 0.762402 0.019023 0.043468
3 0.262258 0.534020 0.010993 0.017992
3 0.461436 0.640330 0.009427 0.023610
3 0.342281 0.213734 0.011608 0.036938
3 0.854620 0.757604 0.013223 0.016542
3 0.494637 0.498284 0.017158 0.032770
3 0.595838 0.448977 0.008341 0.029854
3 0.494613 0.441467 0.020576 0.029703
3 0.471300 0.509787 0.013172 0.043085
3 0.254914 0.496332 0.019477 0.021288
3 0.267736 0.565273 0.013383 0.013791
3 0.697781 0.545432 0.010514 0.033450
3 0.464155 0.438070 0.010129 0.023972
3 0.725940 0.509529 0.015127 0.024740
3 0.726623 0.429578 0.011791 0.023699
3 0.417304 0.409556 0.009149 0.022080
3 0.432326 0.440815 0.009517 0.025564
3 0.330724 0.561012 0.012809 0.023847
3 0.339549 0.323798 0.005956 0.029532
3 0.768277 0.549040 0.011014 0.021556
3 0.746312 0.410934 0.011482 0.017719
3 0.565316 0.688633 0.007778 0.024213
3 0.668678 0.567291 0.010110 0.022564
3 0.338457 0.273359 0.006687 0.034349
3 0.371986 0.638211 0.005590 0.022662
3 0.309268 0.538352 0.012347 0.019503
3 0.681758 0.553077 0.010505 0.036457
3 0.731235 0.546754 0.017779 0.023450
3 0.586636 0.743245 0.012154 0.034414
3 0.593524 0.880668 0.003446 0.013678
3 0.754885 0.510059 0.014280 0.019452
3 0.616577 0.592850 0.006658 0.026331
3 0.285466 0.178268 0.004920 0.012069
3 0.702325 0.415943 0.008943 0.017435
3 0.788123 0.545242 0.011087 0.026334
3 0.439356 0.627734 0.010002 0.022004
3 0.186105 0.615366 0.020864 0.021840
3 0.484746 0.855444 0.008418 0.021879
3 0.582509 0.889061 0.006922 0.016469
3 0.656180 0.558743 0.009058 0.024073
3 0.461857 0.746780 0.011291 0.013456
3 0.684318 0.563685 0.009852 0.015075
3 0.638496 0.590624 0.014121 0.024074
3 0.768118 0.460369 0.011370 0.013483
3 0.582323 0.544334 0.005971 0.015380
3 0.474221 0.815866 0.006529 0.021281
3 0.455214 0.714599 0.010379 0.024735
3 0.556170 0.419519 0.003565 0.012585
3 0.567268 0.534850 0.009861 0.021351
3 0.338578 0.263520 0.005765 0.016760
3 0.725299 0.412159 0.006473 0.023390
3 0.571910 0.436079 0.005721 0.018111
3 0.711334 0.415109 0.005442 0.018645
3 0.530425 0.477094 0.006133 0.019716
3 0.864674 0.441313 0.011339 0.020076
3 0.801101 0.542505 0.006960 0.024755
3 0.550972 0.885807 0.006570 0.020456
3 0.340474 0.415722 0.005252 0.016197
3 0.128222 0.596406 0.010770 0.022863
3 0.202084 0.579707 0.013723 0.022214
3 0.538048 0.557814 0.006819 0.021395
3 0.696561 0.425774 0.005368 0.017643
5 0.323520 0.309419 0.012608 0.061086
5 0.315471 0.410667 0.017481 0.057605
5 0.298608 0.494935 0.027282 0.043261
5 0.314770 0.188661 0.013547 0.037152
5 0.441816 0.528868 0.053825 0.093344
5 0.316766 0.264505 0.012550 0.059315
5 0.227302 0.517774 0.027282 0.027185
5 0.372362 0.206316 0.014013 0.054715
5 0.183180 0.515428 0.031433 0.035106
5 0.657334 0.931162 0.079400 0.137062
5 0.616741 0.554705 0.022600 0.037113
2 0.228835 0.506829 0.030588 0.049277
2 0.341942 0.665737 0.020723 0.047482
2 0.182713 0.514442 0.032780 0.036582
2 0.298851 0.494111 0.028624 0.044525
2 0.657334 0.931024 0.079400 0.136788
2 0.325256 0.355310 0.014639 0.063229
2 0.323276 0.309416 0.013095 0.061078
2 0.214560 0.764356 0.017321 0.056982
2 0.400210 0.631762 0.018267 0.032263
2 0.567803 0.481831 0.035256 0.043773
2 0.520065 0.440130 0.022752 0.050934
2 0.393339 0.542781 0.015702 0.028816
2 0.335622 0.598717 0.019544 0.037620
2 0.591802 0.658825 0.015665 0.053596
2 0.463313 0.762402 0.019023 0.043468
2 0.351757 0.698280 0.025026 0.056511
2 0.362210 0.586476 0.017859 0.034131
2 0.344148 0.365067 0.009556 0.047066
2 0.316837 0.254359 0.012400 0.038597
2 0.342545 0.218959 0.012472 0.050141
2 0.372377 0.206317 0.013984 0.054640
2 0.387973 0.259377 0.012131 0.033449
2 0.495124 0.435321 0.023092 0.047113
2 0.375426 0.693095 0.014938 0.027718
2 0.398989 0.742698 0.020877 0.029327
2 0.532063 0.605838 0.016429 0.041266
2 0.314738 0.188661 0.013612 0.037152
2 0.315202 0.410584 0.018194 0.057772
2 0.096603 0.595259 0.030557 0.031603
2 0.022068 0.491748 0.024428 0.022194
2 0.402014 0.246591 0.013261 0.038835
2 0.210132 0.663363 0.049424 0.070829
2 0.552234 0.582680 0.018945 0.048333
2 0.537784 0.487793 0.017494 0.033598
2 0.493893 0.506692 0.019666 0.050117
2 0.616661 0.554475 0.022774 0.037574
2 0.740534 0.455257 0.020549 0.034800
2 0.603515 0.601337 0.012204 0.041158
2 0.460172 0.264259 0.057007 0.108711
2 0.870047 0.947003 0.029925 0.029933
2 0.713224 0.457910 0.020359 0.039822
2 0.139920 0.483154 0.022749 0.025881
2 0.471300 0.509843 0.013180 0.043250
2 0.255749 0.486159 0.021786 0.027738
2 0.803835 0.778353 0.017861 0.049536
2 0.179243 0.482572 0.022862 0.035587
2 0.586088 0.594007 0.016757 0.033018
2 0.282662 0.069768 0.008676 0.033953
2 0.628347 0.471499 0.026463 0.031729
2 0.510294 0.099039 0.043566 0.077486
2 0.776936 0.453486 0.029193 0.028162
2 0.501680 0.916957 0.027137 0.035047
2 0.381141 0.745079 0.019785 0.031469
2 0.854884 0.774188 0.014109 0.049772
2 0.746417 0.951867 0.015377 0.051330
2 0.387946 0.695480 0.015574 0.038653
2 0.461436 0.640330 0.009427 0.023610
2 0.568156 0.300615 0.054916 0.065162
2 0.571582 0.622860 0.009849 0.030052
2 0.330654 0.560664 0.012494 0.021720
