0 0.465619 0.415800 0.005249 0.022160
0 0.548349 0.439548 0.005986 0.021071
0 0.616568 0.592859 0.006620 0.026316
0 0.489491 0.797702 0.004893 0.021990
0 0.340745 0.412467 0.005677 0.023524
0 0.419274 0.410373 0.004962 0.020353
0 0.376863 0.580365 0.007526 0.023317
0 0.467176 0.801492 0.004494 0.022063
0 0.460719 0.659431 0.005795 0.022996
0 0.537627 0.557723 0.006612 0.021083
0 0.474372 0.815893 0.006428 0.021490
0 0.438475 0.661876 0.006957 0.023638
0 0.725259 0.412339 0.006590 0.024094
0 0.437048 0.690663 0.005143 0.020748
0 0.503634 0.713881 0.007113 0.027477
0 0.592236 0.699939 0.005264 0.020121
0 0.562431 0.431661 0.005353 0.019614
0 0.660590 0.572381 0.006061 0.026615
0 0.565266 0.686943 0.008143 0.023667
0 0.293146 0.538369 0.005012 0.018111
0 0.571746 0.436711 0.005268 0.017912
0 0.589711 0.726288 0.005751 0.020246
0 0.711762 0.411592 0.006665 0.025063
0 0.461614 0.419302 0.004543 0.015857
0 0.415274 0.406992 0.004475 0.020493
0 0.556571 0.417333 0.003992 0.016559
0 0.457688 0.714692 0.005219 0.024639
0 0.371404 0.638227 0.006897 0.024909
0 0.418914 0.683326 0.005123 0.020330
0 0.696484 0.425435 0.005780 0.018459
0 0.188541 0.621808 0.003745 0.014348
0 0.509977 0.856944 0.005624 0.019259
0 0.593934 0.876751 0.004696 0.019642
0 0.530513 0.476988 0.005829 0.019658
0 0.449523 0.769419 0.004285 0.018426
0 0.709290 0.550177 0.005571 0.028413
0 0.583275 0.738489 0.005798 0.022646
0 0.755760 0.740372 0.004472 0.018098
0 0.870133 0.537459 0.006950 0.026571
0 0.416105 0.667787 0.005240 0.018736
0 0.496795 0.788739 0.006734 0.018510
0 0.408419 0.690487 0.007798 0.031236
0 0.703566 0.404650 0.007612 0.016370
0 0.346760 0.726184 0.003719 0.013202
0 0.691618 0.414679 0.007027 0.026453
0 0.397554 0.673312 0.006412 0.029883
0 0.546097 0.846005 0.005120 0.018429
0 0.319574 0.065223 0.005598 0.026714
0 0.236837 0.566622 0.006922 0.025209
0 0.591697 0.869571 0.005759 0.018785
0 0.588402 0.807441 0.007911 0.040014
0 0.536502 0.693549 0.008525 0.026632
2 0.501663 0.916791 0.027118 0.034882
3 0.308128 0.139457 0.010747 0.021543
3 0.276500 0.531096 0.019208 0.022586
3 0.281499 0.200058 0.012086 0.020763
2 0.342022 0.665702 0.020639 0.047620
3 0.518944 0.440367 0.017045 0.022101
2 0.298189 0.494819 0.028264 0.043761
2 0.214520 0.764708 0.017263 0.057165
3 0.603523 0.601325 0.012203 0.040693
3 0.329505 0.559997 0.007879 0.020159
3 0.255569 0.485959 0.022903 0.027603
3 0.803307 0.763650 0.017799 0.021711
3 0.739997 0.455030 0.021270 0.035568
2 0.567501 0.481744 0.034497 0.044174
2 0.591539 0.658588 0.015091 0.053191
3 0.775823 0.769958 0.013018 0.020911
2 0.870045 0.947135 0.029926 0.029806
3 0.116747 0.512747 0.015476 0.019717
3 0.712934 0.454484 0.019767 0.031241
3 0.494171 0.496961 0.017168 0.033966
3 0.462064 0.640674 0.009218 0.023573
3 0.375370 0.692939 0.014892 0.027194
3 0.551639 0.575757 0.015646 0.033887
3 0.263556 0.511827 0.009635 0.018236
3 0.616528 0.553021 0.022114 0.034314
3 0.854607 0.757615 0.013284 0.016380
3 0.207879 0.474350 0.013077 0.013849
2 0.182512 0.513527 0.031356 0.035029
3 0.538109 0.481633 0.016052 0.019887
3 0.335514 0.598257 0.019213 0.035792
3 0.494250 0.440736 0.020170 0.030553
3 0.339463 0.325299 0.005871 0.028598
3 0.595848 0.448948 0.008298 0.029642
3 0.698152 0.545748 0.010193 0.034311
3 0.727177 0.509108 0.014750 0.024598
3 0.565266 0.686943 0.008143 0.023667
3 0.726849 0.429506 0.011784 0.023061
3 0.463858 0.436695 0.010197 0.024439
3 0.417363 0.409169 0.009305 0.022383
3 0.746276 0.411112 0.011431 0.017455
3 0.768301 0.549032 0.011140 0.021451
3 0.339463 0.325905 0.005871 0.029812
3 0.668697 0.567253 0.010122 0.022562
3 0.372001 0.638274 0.005581 0.022567
3 0.338521 0.274588 0.006555 0.034304
3 0.586675 0.742826 0.012195 0.036374
3 0.681763 0.546961 0.010546 0.033136
3 0.755886 0.510741 0.013880 0.020657
3 0.593934 0.876910 0.004696 0.019959
3 0.731155 0.546661 0.017575 0.023570
3 0.332144 0.559896 0.013027 0.022561
3 0.440030 0.628080 0.009496 0.021021
3 0.308575 0.538771 0.012116 0.020757
3 0.702332 0.415867 0.008863 0.017485
3 0.656047 0.557267 0.009835 0.026641
3 0.864160 0.440905 0.012172 0.021544
3 0.788137 0.545206 0.011273 0.026550
3 0.582971 0.885441 0.007881 0.022783
3 0.484716 0.855646 0.008496 0.022108
3 0.285340 0.178488 0.004985 0.012322
3 0.431680 0.439514 0.009688 0.026217
3 0.186101 0.615527 0.020763 0.022015
3 0.509977 0.856944 0.005624 0.019259
3 0.683267 0.561001 0.011718 0.020640
3 0.711222 0.415342 0.005296 0.018118
3 0.474372 0.815893 0.006428 0.021490
3 0.455006 0.714689 0.010899 0.024675
3 0.616568 0.592859 0.006620 0.026316
3 0.948802 0.541188 0.008969 0.019982
3 0.638458 0.590616 0.014016 0.023797
3 0.696484 0.425435 0.005780 0.018459
3 0.461851 0.746802 0.011310 0.013562
3 0.801075 0.542603 0.007218 0.025438
3 0.706229 0.470293 0.011141 0.014900
3 0.489153 0.800179 0.004217 0.017013
3 0.939036 0.448987 0.013674 0.018796
3 0.725259 0.412339 0.006590 0.024094
3 0.746124 0.531487 0.011506 0.029681
3 0.594247 0.904896 0.006044 0.015699
3 0.328113 0.213793 0.007843 0.020992
3 0.767693 0.460486 0.011236 0.013375
3 0.471039 0.890350 0.006343 0.019739
3 0.857754 0.496946 0.012029 0.019554
3 0.582911 0.740685 0.005035 0.018626
5 0.323467 0.309378 0.012683 0.061134
5 0.372492 0.205060 0.013893 0.053632
5 0.441638 0.529292 0.054026 0.094247
5 0.315467 0.410181 0.017751 0.057457
5 0.297949 0.495134 0.027191 0.043096
5 0.657336 0.931050 0.079294 0.137355
5 0.325296 0.354439 0.014590 0.061899
5 0.226969 0.517470 0.027314 0.026616
5 0.616733 0.554708 0.022627 0.037015
5 0.828064 0.915696 0.028078 0.028583
5 0.832422 0.844583 0.034786 0.030850
2 0.298207 0.494792 0.028299 0.043950
2 0.228787 0.506932 0.031769 0.049158
2 0.182586 0.498784 0.032500 0.068436
2 0.342022 0.665685 0.020639 0.047586
2 0.372511 0.205030 0.013857 0.053572
2 0.325296 0.354439 0.014590 0.061899
7 0.657336 0.930955 0.079294 0.137166
2 0.393918 0.543807 0.015709 0.028022
2 0.315270 0.410088 0.018146 0.057320
2 0.323241 0.309328 0.013136 0.061033
2 0.400218 0.631811 0.018230 0.032293
2 0.214520 0.764467 0.017263 0.056684
2 0.344160 0.365538 0.009712 0.047075
2 0.567553 0.481744 0.034602 0.044174
2 0.362741 0.587112 0.017936 0.034801
2 0.316841 0.254205 0.012392 0.038062
2 0.342548 0.219562 0.012561 0.049919
2 0.335561 0.598709 0.019604 0.037525
2 0.388054 0.258797 0.012075 0.035271
2 0.520038 0.440419 0.022673 0.049266
2 0.402109 0.247021 0.013563 0.039646
2 0.591878 0.658744 0.015770 0.053502
2 0.463150 0.764889 0.018534 0.036984
2 0.351744 0.698094 0.025051 0.056458
2 0.314734 0.189139 0.013653 0.038139
2 0.739997 0.455030 0.021270 0.035568
2 0.375370 0.692939 0.014892 0.027194
2 0.398915 0.742659 0.020770 0.028911
2 0.494171 0.496961 0.017168 0.033966
2 0.210155 0.663106 0.050001 0.070811
2 0.537542 0.488217 0.017355 0.033878
2 0.460296 0.264761 0.057286 0.108379
2 0.494845 0.435621 0.022226 0.046902
2 0.096785 0.595341 0.030294 0.032513
2 0.026206 0.490502 0.034586 0.026216
2 0.616661 0.554540 0.022778 0.037352
2 0.603523 0.601371 0.012203 0.041106
2 0.532089 0.600859 0.015731 0.032328
2 0.870045 0.947135 0.029926 0.029806
2 0.471126 0.509348 0.013392 0.043289
2 0.501663 0.916791 0.027118 0.034882
2 0.780374 0.451596 0.020018 0.025563
2 0.711690 0.455728 0.018293 0.033467
2 0.551688 0.582692 0.018139 0.047911
2 0.433927 0.900082 0.038309 0.050694
2 0.381408 0.745025 0.019472 0.031390
2 0.803936 0.778395 0.017492 0.049638
2 0.510325 0.099136 0.043510 0.078203
2 0.179229 0.482407 0.022198 0.035645
2 0.431752 0.439455 0.009543 0.025514
2 0.586185 0.593910 0.016597 0.032880
2 0.255727 0.485959 0.021597 0.027603
2 0.282742 0.069536 0.008656 0.034354
2 0.746398 0.951832 0.015343 0.051327
2 0.854815 0.774512 0.014155 0.050151
2 0.139926 0.483793 0.022767 0.027143
2 0.331815 0.560293 0.012417 0.020994
2 0.456285 0.198483 0.020277 0.044088
