0 0.380354 0.587114 0.004569 0.023274
0 0.412237 0.415099 0.005749 0.022819
0 0.299321 0.544075 0.004966 0.019220
0 0.660625 0.572840 0.006371 0.027593
0 0.676314 0.547843 0.007615 0.029195
0 0.372076 0.638739 0.005669 0.022937
0 0.469077 0.426650 0.004698 0.021385
0 0.557921 0.521315 0.005435 0.018769
0 0.649066 0.563355 0.010306 0.029760
0 0.340651 0.397643 0.005946 0.024270
0 0.455950 0.659713 0.005697 0.022595
0 0.464623 0.430695 0.006705 0.024338
0 0.188896 0.622012 0.004146 0.015141
0 0.531834 0.483551 0.006740 0.021595
0 0.616427 0.590308 0.006730 0.025879
0 0.540770 0.569175 0.007340 0.022328
0 0.696656 0.426427 0.005263 0.017940
0 0.580740 0.434853 0.005944 0.018891
0 0.416156 0.397037 0.004700 0.020036
0 0.457549 0.714821 0.005588 0.025075
0 0.491763 0.807841 0.005432 0.020991
0 0.329438 0.528995 0.007434 0.019576
0 0.556030 0.440541 0.005353 0.021037
0 0.562281 0.432531 0.005160 0.019552
0 0.485085 0.926048 0.003837 0.015874
0 0.885007 0.427331 0.009953 0.018942
0 0.725499 0.412564 0.006441 0.023139
0 0.418899 0.683665 0.004565 0.019917
0 0.870337 0.537869 0.006852 0.025456
0 0.501812 0.676834 0.006957 0.030497
0 0.387677 0.387580 0.006050 0.019106
0 0.568558 0.738935 0.008142 0.024880
0 0.432202 0.682309 0.005352 0.020124
0 0.590620 0.698730 0.004819 0.018986
0 0.709759 0.550498 0.005586 0.026304
0 0.557089 0.417501 0.004147 0.017209
0 0.180525 0.614114 0.009329 0.025731
0 0.705118 0.768491 0.005952 0.025478
0 0.322706 0.221700 0.005729 0.020586
0 0.647259 0.557025 0.005099 0.017188
0 0.598375 0.890798 0.003794 0.020654
0 0.508062 0.842015 0.005861 0.021108
0 0.496746 0.788967 0.006751 0.018377
0 0.355733 0.335689 0.005775 0.021683
0 0.698405 0.550773 0.006468 0.018901
0 0.711633 0.412430 0.006805 0.025329
0 0.003094 0.629313 0.005765 0.024029
0 0.591157 0.733848 0.005313 0.023117
0 0.552833 0.899697 0.007160 0.023197
0 0.335728 0.218472 0.003955 0.011774
0 0.594860 0.916036 0.008134 0.019390
0 0.792023 0.540726 0.005238 0.017901
0 0.575970 0.835430 0.005919 0.022486
0 0.584806 0.901891 0.007670 0.023489
0 0.643383 0.586948 0.004695 0.011119
0 0.447495 0.769648 0.004239 0.019588
0 0.570535 0.559125 0.005036 0.019871
2 0.502197 0.917486 0.027463 0.034326
3 0.294820 0.515120 0.012455 0.019272
3 0.292940 0.567204 0.012326 0.019329
3 0.550296 0.480608 0.017383 0.034697
3 0.308211 0.139592 0.010959 0.020520
3 0.276501 0.532626 0.018076 0.020208
3 0.165522 0.574206 0.013685 0.014103
3 0.474920 0.531921 0.011423 0.043233
3 0.495629 0.443751 0.020127 0.030074
3 0.778742 0.459784 0.012325 0.014066
3 0.511271 0.535190 0.016203 0.033368
3 0.518097 0.449366 0.018380 0.033194
3 0.281787 0.201660 0.011929 0.020347
3 0.237238 0.555558 0.014038 0.016923
2 0.342277 0.666839 0.020184 0.046638
3 0.010213 0.539112 0.014645 0.017997
3 0.616456 0.552982 0.021549 0.032969
3 0.768485 0.549375 0.010701 0.020552
3 0.335441 0.597397 0.018143 0.031906
2 0.214912 0.765636 0.018495 0.055306
3 0.735002 0.465996 0.012023 0.014855
3 0.602337 0.440914 0.017117 0.017119
3 0.451476 0.471812 0.011189 0.024507
3 0.254566 0.487722 0.020049 0.029610
3 0.313362 0.427685 0.012906 0.023637
2 0.315612 0.478201 0.028281 0.047034
3 0.329459 0.528906 0.007595 0.019754
3 0.326594 0.199170 0.009635 0.024486
3 0.139830 0.528574 0.012886 0.014018
3 0.379364 0.517983 0.015718 0.027241
3 0.539140 0.616903 0.015605 0.032552
2 0.582414 0.479193 0.035320 0.040027
2 0.592049 0.659546 0.015499 0.052731
3 0.609283 0.585119 0.021305 0.015816
2 0.555729 0.571305 0.018416 0.042155
3 0.262443 0.535701 0.011157 0.018071
3 0.264979 0.483093 0.007492 0.016562
3 0.801775 0.450425 0.016083 0.023749
3 0.668855 0.567967 0.009308 0.021540
3 0.022075 0.492967 0.025034 0.022021
3 0.159992 0.497306 0.012022 0.016692
3 0.419786 0.375529 0.008815 0.022650
3 0.778780 0.459803 0.012401 0.014104
3 0.719580 0.432489 0.011491 0.019252
3 0.341320 0.283069 0.006060 0.026419
3 0.735002 0.465951 0.012023 0.015271
3 0.768460 0.549679 0.010751 0.021185
3 0.788249 0.546117 0.009936 0.024127
3 0.113608 0.580187 0.011450 0.023959
3 0.719764 0.516919 0.013628 0.021393
3 0.554050 0.632150 0.006457 0.026147
3 0.948909 0.542098 0.008854 0.020462
3 0.331509 0.528625 0.011880 0.020315
3 0.336173 0.233266 0.005882 0.020967
3 0.563811 0.631115 0.006464 0.021947
3 0.372076 0.638921 0.005669 0.023300
3 0.746191 0.411971 0.011124 0.017266
3 0.580740 0.434853 0.005944 0.018891
3 0.299084 0.546345 0.004170 0.014574
3 0.479961 0.461984 0.009555 0.023662
3 0.857614 0.500376 0.013299 0.020177
3 0.733891 0.539197 0.021641 0.036572
3 0.691663 0.513363 0.014421 0.022223
3 0.186381 0.615494 0.020685 0.022811
3 0.192081 0.616016 0.009554 0.015797
3 0.994442 0.508397 0.010269 0.019359
3 0.554679 0.627059 0.005315 0.016706
3 0.424830 0.598711 0.007934 0.023727
3 0.594860 0.916036 0.008134 0.019390
3 0.676153 0.548121 0.007652 0.029750
3 0.725499 0.412564 0.006441 0.023139
3 0.322706 0.221700 0.005729 0.020586
3 0.582483 0.545287 0.006017 0.014602
3 0.240000 0.496440 0.012000 0.017509
3 0.668799 0.568879 0.009418 0.023363
3 0.816329 0.542558 0.007782 0.025120
3 0.355542 0.331725 0.006549 0.030968
3 0.584806 0.902052 0.007670 0.023812
3 0.326447 0.199371 0.009930 0.024890
3 0.801336 0.542864 0.007047 0.025500
3 0.889193 0.440108 0.011630 0.021618
3 0.910404 0.527649 0.007706 0.013425
3 0.557390 0.604863 0.006752 0.022864
3 0.930274 0.539023 0.014728 0.023667
3 0.711236 0.416141 0.005525 0.017803
3 0.341166 0.274868 0.005372 0.014971
3 0.010213 0.539112 0.014645 0.017997
3 0.702022 0.417159 0.008602 0.016815
3 0.455062 0.715221 0.010990 0.024264
3 0.451476 0.471812 0.011189 0.024507
3 0.756025 0.460907 0.013218 0.016754
3 0.789488 0.540726 0.010307 0.017901
3 0.292936 0.566979 0.012317 0.018607
3 0.285518 0.179302 0.004750 0.011956
3 0.691902 0.543103 0.007604 0.019421
3 0.541071 0.569668 0.006167 0.020809
3 0.159992 0.497306 0.012022 0.016692
3 0.461778 0.747392 0.011447 0.013532
3 0.568558 0.738935 0.008142 0.024880
3 0.165832 0.578438 0.013246 0.021352
3 0.508062 0.842015 0.005861 0.021108
3 0.340281 0.400069 0.004624 0.016424
3 0.681866 0.561521 0.009514 0.019115
5 0.555729 0.571251 0.018416 0.042261
5 0.339752 0.579786 0.020115 0.033072
5 0.616921 0.554970 0.022627 0.036405
5 0.323616 0.310060 0.012539 0.061404
5 0.317031 0.253816 0.012130 0.035879
5 0.315514 0.410776 0.017731 0.056947
5 0.244257 0.517057 0.027287 0.027113
5 0.322621 0.809518 0.111909 0.065013
5 0.584656 0.479672 0.030837 0.040984
5 0.343168 0.339386 0.009509 0.047725
5 0.214912 0.765636 0.018495 0.055306
5 0.342277 0.666839 0.020184 0.046638
2 0.315653 0.478231 0.029298 0.047600
2 0.244018 0.515062 0.029049 0.035390
2 0.193281 0.514913 0.031258 0.036545
2 0.400354 0.632302 0.018443 0.032899
2 0.342190 0.666452 0.020543 0.047284
2 0.379364 0.518016 0.015718 0.027306
2 0.325376 0.355512 0.014247 0.060768
2 0.315578 0.410578 0.017919 0.057414
7 0.657560 0.931345 0.080269 0.136587
2 0.339752 0.579485 0.020115 0.032470
2 0.214904 0.765306 0.018571 0.055539
2 0.582428 0.479638 0.035348 0.041053
2 0.323354 0.309960 0.013061 0.060872
2 0.518097 0.449427 0.018380 0.033072
2 0.375474 0.248192 0.015372 0.053603
2 0.592214 0.659546 0.015829 0.052731
2 0.401851 0.248155 0.013953 0.039733
2 0.316970 0.253775 0.012252 0.035797
2 0.394999 0.291155 0.013440 0.035539
2 0.026416 0.491426 0.034180 0.027462
2 0.495643 0.435595 0.021176 0.046387
2 0.616887 0.554835 0.022693 0.036675
2 0.474920 0.531921 0.011423 0.043233
2 0.314724 0.189556 0.013145 0.036572
2 0.335774 0.592226 0.017478 0.021564
2 0.399712 0.743715 0.021794 0.029907
2 0.653199 0.469677 0.023005 0.030783
2 0.341431 0.176182 0.013095 0.055259
2 0.555672 0.572856 0.018189 0.045768
2 0.255794 0.486436 0.023575 0.032183
2 0.351533 0.700534 0.024756 0.055455
2 0.539140 0.616903 0.015605 0.032552
2 0.463389 0.765512 0.018703 0.034846
2 0.502197 0.917496 0.027463 0.034305
2 0.609074 0.908102 0.012258 0.018901
2 0.732178 0.452563 0.021635 0.037475
2 0.603801 0.601942 0.012507 0.041587
2 0.375301 0.693691 0.014720 0.028097
2 0.343168 0.339386 0.009509 0.047725
2 0.870300 0.948512 0.028245 0.030277
2 0.104190 0.527852 0.020938 0.028889
2 0.729815 0.576830 0.054392 0.030654
2 0.756825 0.452630 0.020131 0.034239
2 0.181033 0.483274 0.020159 0.035104
2 0.586752 0.594192 0.016494 0.032195
2 0.550282 0.480712 0.017356 0.034905
2 0.378089 0.748120 0.026700 0.035853
2 0.511271 0.535190 0.016202 0.033368
2 0.139365 0.482504 0.022956 0.023946
2 0.451525 0.471777 0.011287 0.024577
2 0.308220 0.139511 0.010942 0.020359
2 0.272880 0.529918 0.028509 0.026446
2 0.294833 0.515120 0.012374 0.019272
2 0.801775 0.450425 0.016083 0.023749
2 0.281832 0.201660 0.011761 0.020347
2 0.570660 0.628484 0.012116 0.041372
2 0.644666 0.321321 0.067892 0.129772
2 0.453833 0.589475 0.021454 0.042948
