0 0.456886 0.660505 0.005654 0.022123
0 0.379678 0.584566 0.005143 0.022996
0 0.660347 0.572959 0.006171 0.027004
0 0.340248 0.402527 0.005759 0.022059
0 0.502105 0.688988 0.006507 0.028332
0 0.725455 0.412526 0.006665 0.022633
0 0.678466 0.546743 0.008147 0.032904
0 0.577788 0.436007 0.005287 0.020053
0 0.297278 0.542580 0.003913 0.018972
0 0.553447 0.440956 0.005413 0.021170
0 0.540590 0.565234 0.007674 0.022628
0 0.616153 0.590831 0.006997 0.025608
0 0.593453 0.874905 0.005697 0.019326
0 0.531051 0.481027 0.005442 0.019350
0 0.415085 0.407720 0.006812 0.034664
0 0.468425 0.423093 0.004715 0.021989
0 0.371802 0.637835 0.007389 0.024313
0 0.433428 0.684070 0.006193 0.022339
0 0.464536 0.426901 0.007736 0.025188
0 0.650799 0.561691 0.009443 0.031184
0 0.457553 0.714831 0.005559 0.025162
0 0.491113 0.805209 0.005493 0.019323
0 0.696655 0.426307 0.005253 0.018061
0 0.418984 0.683795 0.004903 0.020284
0 0.693084 0.541648 0.008274 0.022665
0 0.322602 0.217944 0.005572 0.020325
0 0.709712 0.551026 0.005566 0.026945
0 0.387731 0.387250 0.005627 0.019393
0 0.410363 0.664305 0.004214 0.017549
0 0.557073 0.417647 0.003949 0.017728
0 0.188678 0.621790 0.004016 0.015257
0 0.711589 0.412641 0.006678 0.024817
0 0.698368 0.551462 0.007136 0.022420
0 0.562087 0.432669 0.004679 0.019601
0 0.557726 0.521660 0.005423 0.018048
0 0.591042 0.699727 0.004682 0.017988
0 0.598533 0.885116 0.003638 0.018875
0 0.705067 0.769026 0.005876 0.026409
0 0.870319 0.537874 0.007213 0.026133
0 0.584220 0.896927 0.007813 0.024312
0 0.651980 0.564513 0.007310 0.023720
0 0.508784 0.844908 0.005786 0.023622
0 0.496820 0.788749 0.006720 0.018453
0 0.429440 0.609583 0.006925 0.021920
0 0.520749 0.498777 0.006360 0.032623
0 0.568023 0.722248 0.007883 0.024955
0 0.594267 0.912824 0.007745 0.020560
0 0.563942 0.482117 0.005156 0.018270
0 0.566393 0.432300 0.004040 0.020892
0 0.692210 0.417741 0.005877 0.025398
0 0.448598 0.769809 0.004759 0.019339
0 0.709850 0.762485 0.007624 0.028251
0 0.787545 0.546651 0.009422 0.024771
0 0.180539 0.614026 0.008882 0.026208
0 0.553394 0.624157 0.005654 0.019300
2 0.501912 0.917324 0.027392 0.034553
2 0.578200 0.478266 0.032709 0.037520
3 0.505577 0.523703 0.018425 0.035669
3 0.546231 0.482599 0.017857 0.036330
3 0.304678 0.566101 0.012288 0.021245
3 0.775213 0.460551 0.013990 0.015237
3 0.276514 0.531998 0.017358 0.021646
3 0.474032 0.524361 0.012029 0.043365
3 0.669002 0.567916 0.009909 0.022079
2 0.616821 0.555021 0.023003 0.036460
3 0.281648 0.201319 0.012046 0.020381
2 0.342186 0.666719 0.020258 0.046626
3 0.308190 0.139440 0.011017 0.020376
2 0.310751 0.484108 0.028177 0.043643
2 0.591806 0.660190 0.015218 0.053635
3 0.793141 0.451179 0.018066 0.024530
3 0.702271 0.511791 0.016831 0.024595
3 0.553923 0.573835 0.017520 0.037880
2 0.214884 0.765578 0.018554 0.055986
3 0.559048 0.503973 0.009557 0.017794
3 0.383705 0.525206 0.015634 0.027308
2 0.870170 0.948502 0.028893 0.030362
3 0.752160 0.453183 0.018217 0.031339
2 0.026895 0.491922 0.034788 0.024792
3 0.285276 0.514490 0.012253 0.019106
3 0.726317 0.465181 0.013597 0.018624
3 0.444992 0.462720 0.010839 0.024297
3 0.324664 0.530094 0.011297 0.018227
2 0.315394 0.410950 0.017793 0.057235
3 0.496373 0.443522 0.018740 0.030151
3 0.242163 0.556646 0.012514 0.019284
3 0.518852 0.441924 0.015637 0.021590
3 0.590439 0.499017 0.023287 0.013713
3 0.768492 0.549230 0.010772 0.020361
3 0.393081 0.282644 0.011535 0.037093
3 0.255684 0.485680 0.022697 0.029742
3 0.536876 0.612492 0.015990 0.033176
2 0.190279 0.514296 0.031149 0.034024
3 0.463213 0.766627 0.019234 0.034912
3 0.375232 0.694064 0.014664 0.028981
3 0.731085 0.515369 0.013923 0.020782
3 0.722320 0.429690 0.013091 0.016846
3 0.774829 0.460860 0.011970 0.014142
3 0.703061 0.513403 0.014476 0.023133
3 0.357894 0.346583 0.006350 0.030315
3 0.825653 0.498742 0.014451 0.023625
3 0.341120 0.296638 0.006178 0.027652
3 0.568023 0.722411 0.007883 0.025281
3 0.972949 0.448919 0.013920 0.017600
3 0.746214 0.411980 0.011189 0.017351
3 0.372035 0.639025 0.005577 0.022932
3 0.768452 0.550250 0.010918 0.022594
3 0.508748 0.845182 0.005859 0.024045
3 0.584220 0.897029 0.007813 0.024517
3 0.594267 0.912824 0.007745 0.020560
3 0.285276 0.514490 0.012253 0.019106
3 0.412418 0.361853 0.009195 0.024588
3 0.788070 0.545751 0.009620 0.024487
3 0.445010 0.462560 0.010770 0.024316
3 0.178213 0.578865 0.014574 0.022008
3 0.164169 0.495447 0.012559 0.028991
3 0.324293 0.531712 0.013264 0.021688
3 0.881142 0.439477 0.011848 0.022306
3 0.982431 0.486585 0.015533 0.021031
3 0.447881 0.625316 0.010129 0.021571
3 0.285389 0.179092 0.004898 0.012298
3 0.186886 0.614989 0.021960 0.023778
3 0.726182 0.466771 0.011377 0.013548
3 0.118564 0.584819 0.011979 0.024965
3 0.869122 0.501097 0.013823 0.021100
3 0.336985 0.248735 0.006804 0.023374
3 0.693084 0.541723 0.008274 0.022514
3 0.454721 0.715391 0.011704 0.025072
3 0.129204 0.526061 0.011725 0.024274
3 0.475262 0.454864 0.009540 0.024259
3 0.651267 0.561668 0.008507 0.029187
3 0.677955 0.551483 0.006815 0.024051
3 0.484906 0.855796 0.008517 0.021875
3 0.801370 0.543003 0.007207 0.025264
3 0.429440 0.609583 0.006925 0.021920
3 0.702054 0.416970 0.008740 0.017555
3 0.555493 0.614595 0.004744 0.015922
3 0.308190 0.139440 0.011017 0.020376
3 0.740523 0.529763 0.011999 0.020613
3 0.553416 0.624157 0.005753 0.019300
3 0.816274 0.542548 0.007542 0.024944
3 0.577286 0.438634 0.004260 0.014810
3 0.732956 0.546855 0.018535 0.022083
3 0.683905 0.562037 0.010601 0.020534
3 0.793502 0.436140 0.011646 0.012625
3 0.582340 0.545440 0.005620 0.014128
3 0.297308 0.542615 0.003852 0.018933
3 0.751173 0.461613 0.015027 0.017827
3 0.337016 0.236911 0.006015 0.019381
3 0.669066 0.568457 0.010036 0.023160
3 0.725455 0.412526 0.006665 0.022633
3 0.182261 0.616141 0.012412 0.021465
3 0.502013 0.689282 0.005629 0.026373
3 0.615659 0.594509 0.005979 0.019367
3 0.304678 0.566101 0.012227 0.021245
3 0.467509 0.782967 0.011177 0.019950
3 0.542292 0.695194 0.014310 0.024949
3 0.948847 0.541921 0.008792 0.020469
3 0.461795 0.747077 0.011317 0.014088
3 0.562941 0.626362 0.006504 0.022783
3 0.593855 0.881364 0.007124 0.028239
3 0.856452 0.529284 0.008843 0.019128
3 0.780041 0.425133 0.011940 0.013109
3 0.563986 0.432119 0.008018 0.021829
5 0.322960 0.809862 0.112587 0.064732
5 0.323538 0.310270 0.012708 0.061897
5 0.348110 0.582107 0.018359 0.033800
5 0.616937 0.555082 0.022771 0.036337
5 0.316889 0.264988 0.012579 0.059102
5 0.441822 0.529950 0.052656 0.093891
5 0.190142 0.515554 0.030928 0.034000
5 0.657679 0.931636 0.078129 0.135546
5 0.315429 0.410963 0.017968 0.057469
5 0.342186 0.666719 0.020258 0.046626
5 0.383561 0.532993 0.015850 0.043376
2 0.325226 0.354331 0.014361 0.058885
2 0.190242 0.514781 0.031313 0.035237
2 0.238457 0.511490 0.029357 0.042214
2 0.310751 0.483745 0.028177 0.044369
7 0.657569 0.931131 0.080037 0.136829
2 0.341884 0.666485 0.021054 0.047065
2 0.323305 0.309901 0.013174 0.061160
2 0.400322 0.632218 0.018708 0.032746
2 0.577492 0.479548 0.034320 0.041159
2 0.348110 0.582038 0.018359 0.033661
2 0.495598 0.435726 0.021157 0.048671
2 0.214883 0.765417 0.018551 0.055665
2 0.315429 0.410963 0.017968 0.057469
2 0.351604 0.699940 0.025383 0.056873
2 0.505041 0.531194 0.019604 0.050365
2 0.546247 0.482547 0.017825 0.036226
2 0.383572 0.532961 0.016116 0.043441
2 0.314871 0.189870 0.013511 0.037217
2 0.341957 0.185835 0.012753 0.040415
2 0.518167 0.450265 0.018490 0.031224
2 0.553698 0.576116 0.017410 0.044597
2 0.401958 0.248342 0.013958 0.040871
2 0.316914 0.253793 0.012211 0.036678
2 0.463213 0.766627 0.019234 0.034912
2 0.592518 0.660451 0.016643 0.054157
2 0.026861 0.491163 0.034855 0.026629
2 0.752234 0.454028 0.020603 0.033029
2 0.343425 0.340657 0.009350 0.032009
2 0.399505 0.743470 0.021366 0.029610
2 0.727415 0.455180 0.020953 0.034841
2 0.335774 0.592549 0.018440 0.023444
2 0.444992 0.462635 0.010839 0.024467
2 0.474032 0.524379 0.012029 0.043402
2 0.457635 0.583816 0.021485 0.046356
2 0.616821 0.555021 0.023003 0.036460
2 0.375232 0.694064 0.014664 0.028981
2 0.645949 0.470649 0.023952 0.030708
2 0.586416 0.594690 0.016692 0.032889
2 0.603691 0.601821 0.012435 0.041889
2 0.536876 0.612492 0.015990 0.033176
2 0.870170 0.948502 0.028893 0.030362
2 0.374678 0.239130 0.014067 0.058033
2 0.269169 0.530481 0.032036 0.027686
2 0.608963 0.907850 0.012330 0.018428
2 0.393081 0.282644 0.011535 0.037093
2 0.729884 0.576554 0.054410 0.031178
2 0.501912 0.917324 0.027392 0.034553
2 0.793141 0.451179 0.018066 0.024530
2 0.139772 0.483960 0.024721 0.027878
2 0.377918 0.749011 0.026874 0.038043
2 0.521177 0.432727 0.019303 0.034616
2 0.281648 0.201319 0.012046 0.020381
2 0.805670 0.779171 0.016964 0.046893
2 0.828275 0.985798 0.020927 0.024599
2 0.308190 0.139440 0.011017 0.020376
2 0.603711 0.987499 0.014578 0.025334
2 0.255638 0.485822 0.022789 0.030027
2 0.854926 0.776282 0.014733 0.050704
2 0.433933 0.900989 0.038628 0.054366
2 0.388316 0.696044 0.016289 0.038468
2 0.304669 0.566101 0.012174 0.021245
2 0.175308 0.660008 0.035015 0.051878
