0 0.378233 0.582101 0.005598 0.021640
0 0.467282 0.420071 0.005118 0.022161
0 0.459104 0.660675 0.004794 0.024225
0 0.551054 0.440526 0.005532 0.022281
0 0.461945 0.424449 0.005476 0.020230
0 0.660391 0.573285 0.005895 0.026453
0 0.490066 0.800462 0.004872 0.021840
0 0.539267 0.561931 0.007666 0.023203
0 0.616269 0.592099 0.006681 0.026153
0 0.472756 0.815164 0.004604 0.019177
0 0.468210 0.802300 0.004354 0.022203
0 0.575072 0.436167 0.005216 0.020301
0 0.563173 0.431949 0.007024 0.020738
0 0.340921 0.410086 0.006293 0.021168
0 0.509495 0.850747 0.005516 0.021549
0 0.295166 0.541377 0.004917 0.018255
0 0.435396 0.689061 0.004535 0.019380
0 0.530605 0.478649 0.006125 0.020567
0 0.188770 0.622184 0.003935 0.014888
0 0.725316 0.412792 0.006495 0.024101
0 0.557675 0.517684 0.005831 0.025495
0 0.591776 0.699561 0.005087 0.018998
0 0.556987 0.417401 0.004528 0.018571
0 0.360133 0.364512 0.005896 0.031230
0 0.457712 0.714857 0.005186 0.024465
0 0.413350 0.666468 0.004069 0.018351
0 0.371739 0.638364 0.007277 0.024537
0 0.416208 0.407595 0.007040 0.027696
0 0.418752 0.683599 0.005231 0.020241
0 0.680988 0.542821 0.009949 0.037639
0 0.496759 0.789177 0.006748 0.019035
0 0.435324 0.661004 0.006158 0.021258
0 0.653913 0.561375 0.009332 0.033556
0 0.409075 0.690423 0.007438 0.029387
0 0.416499 0.412212 0.005717 0.020860
0 0.696545 0.426059 0.005710 0.018113
0 0.697180 0.548791 0.009150 0.031604
0 0.711603 0.411618 0.006776 0.025013
0 0.502517 0.701044 0.007639 0.028023
0 0.709666 0.550651 0.005728 0.026927
0 0.566712 0.702548 0.007709 0.025471
0 0.437081 0.446145 0.008336 0.017568
0 0.338034 0.249186 0.004423 0.013156
0 0.398015 0.670602 0.006291 0.025211
0 0.546265 0.846867 0.004993 0.018563
0 0.566194 0.431922 0.004491 0.020659
0 0.448838 0.768831 0.004648 0.018977
0 0.693588 0.541179 0.007063 0.020776
0 0.592768 0.870932 0.006400 0.018582
0 0.759754 0.737927 0.007592 0.021112
0 0.506910 0.985069 0.010203 0.030025
0 0.387570 0.386303 0.005927 0.020156
0 0.346753 0.726999 0.003899 0.012709
0 0.576095 0.803802 0.004045 0.017348
0 0.787314 0.546757 0.009204 0.024888
0 0.709828 0.762222 0.007791 0.029011
0 0.181688 0.620336 0.004714 0.013578
0 0.705217 0.768859 0.006413 0.026261
0 0.703591 0.410332 0.009658 0.027066
0 0.560615 0.580355 0.005440 0.023609
0 0.585793 0.739805 0.008672 0.030165
0 0.594143 0.882247 0.005077 0.017077
0 0.534832 0.749330 0.006658 0.027330
0 0.178636 0.617602 0.005264 0.017593
2 0.501927 0.917244 0.026673 0.034865
2 0.303939 0.491574 0.029314 0.045798
3 0.518331 0.446438 0.017977 0.036565
3 0.495868 0.443891 0.018383 0.030392
3 0.277042 0.532935 0.015735 0.019374
3 0.770833 0.460949 0.011602 0.013745
3 0.308264 0.139089 0.010645 0.020097
3 0.746157 0.454485 0.020359 0.033881
3 0.787867 0.448405 0.015741 0.022217
2 0.342135 0.666481 0.020163 0.046463
3 0.281461 0.201051 0.012135 0.020997
3 0.262480 0.534678 0.011312 0.018078
3 0.511000 0.425948 0.011039 0.021874
3 0.319281 0.563452 0.012329 0.023604
3 0.437398 0.450650 0.010170 0.024807
3 0.375192 0.693208 0.014979 0.026983
3 0.087591 0.524297 0.020171 0.015808
3 0.389097 0.535621 0.016032 0.029116
3 0.565891 0.481658 0.018693 0.027172
2 0.591666 0.659581 0.015053 0.054103
3 0.616342 0.553396 0.022239 0.033344
3 0.122917 0.513753 0.012375 0.019980
3 0.603677 0.601596 0.012483 0.041230
2 0.185387 0.512789 0.032546 0.032250
3 0.595941 0.448998 0.008332 0.030269
3 0.192252 0.576325 0.013076 0.015685
3 0.775984 0.769762 0.013198 0.020664
2 0.214686 0.765167 0.018059 0.055619
3 0.802820 0.763849 0.017269 0.021399
2 0.315495 0.410756 0.017639 0.057565
3 0.391449 0.275498 0.009867 0.028534
3 0.316166 0.535601 0.011942 0.020364
3 0.245333 0.560900 0.016864 0.022115
2 0.026691 0.491473 0.034875 0.025299
3 0.329808 0.597383 0.007252 0.032417
2 0.869991 0.947786 0.029437 0.029728
3 0.552368 0.574585 0.015300 0.035873
3 0.207315 0.474529 0.011115 0.012118
3 0.116654 0.531679 0.013226 0.015349
3 0.404360 0.344622 0.008390 0.022949
3 0.274282 0.513293 0.010399 0.015621
3 0.254176 0.482549 0.019679 0.020259
3 0.191657 0.615762 0.009845 0.015904
3 0.451735 0.555995 0.015663 0.026861
3 0.606242 0.690868 0.012964 0.023394
3 0.724599 0.428367 0.012601 0.021037
3 0.717400 0.510970 0.012231 0.022972
3 0.566647 0.702548 0.007838 0.025471
3 0.746360 0.411715 0.011520 0.017794
3 0.744326 0.511080 0.014331 0.017309
3 0.768332 0.549434 0.010750 0.021655
3 0.316165 0.535601 0.011944 0.020364
3 0.437417 0.450794 0.010129 0.024519
3 0.340456 0.312889 0.006230 0.027013
3 0.681002 0.546322 0.010068 0.032622
3 0.696028 0.546613 0.012292 0.031741
3 0.731429 0.546900 0.017306 0.023355
3 0.502517 0.701908 0.007639 0.029300
3 0.372016 0.638573 0.005770 0.022181
3 0.469303 0.445316 0.009710 0.024288
3 0.667093 0.568690 0.014497 0.024620
3 0.122725 0.586197 0.010109 0.013014
3 0.744016 0.462007 0.015295 0.018565
3 0.788300 0.544872 0.010217 0.024951
3 0.556454 0.607629 0.007428 0.025443
3 0.191657 0.615762 0.009845 0.015904
3 0.340945 0.409523 0.004858 0.020042
3 0.236196 0.495010 0.013003 0.018915
3 0.893057 0.535313 0.013384 0.025276
3 0.779871 0.424236 0.011838 0.013752
3 0.594885 0.908313 0.009976 0.023368
3 0.882434 0.499663 0.013550 0.018233
3 0.338063 0.254564 0.006118 0.023094
3 0.319281 0.563461 0.012329 0.023586
3 0.416457 0.412019 0.004975 0.020474
3 0.285212 0.178970 0.005196 0.012224
3 0.702350 0.416524 0.008963 0.016763
3 0.455890 0.634182 0.009971 0.023420
3 0.725316 0.412792 0.006495 0.024101
3 0.948813 0.541797 0.008947 0.020397
3 0.582943 0.893120 0.006991 0.018487
3 0.931050 0.539636 0.013388 0.022056
3 0.594143 0.882247 0.005077 0.017077
3 0.801213 0.542746 0.007188 0.025387
3 0.770838 0.460960 0.011593 0.013659
3 0.816177 0.542212 0.007425 0.024842
3 0.582382 0.544836 0.006035 0.015295
3 0.616019 0.594428 0.006346 0.021765
3 0.509291 0.853652 0.005218 0.016136
3 0.684333 0.560918 0.011436 0.021666
3 0.455129 0.715059 0.010717 0.024535
3 0.858499 0.530502 0.009892 0.022474
3 0.295181 0.541351 0.004888 0.017953
3 0.653888 0.560399 0.009180 0.030069
3 0.638320 0.592095 0.013469 0.022816
3 0.562317 0.620692 0.006676 0.022811
3 0.696545 0.426059 0.005710 0.018113
3 0.308264 0.139089 0.010645 0.020097
3 0.763292 0.417821 0.010358 0.020393
3 0.567116 0.535271 0.009773 0.021228
3 0.788974 0.436423 0.011960 0.012402
3 0.743596 0.533833 0.011323 0.023059
3 0.969839 0.532157 0.012964 0.024834
3 0.192315 0.579087 0.013065 0.021000
3 0.714577 0.468134 0.008921 0.012449
3 0.933684 0.524026 0.011726 0.010191
3 0.588301 0.737935 0.006919 0.028909
3 0.556486 0.419649 0.003729 0.013839
3 0.124596 0.595547 0.009421 0.019288
3 0.711603 0.411755 0.006776 0.025286
3 0.619684 0.493315 0.013096 0.016003
3 0.808490 0.431583 0.009306 0.023117
3 0.491675 0.984373 0.009520 0.018820
3 0.461887 0.746768 0.011236 0.014125
5 0.323408 0.309703 0.012368 0.061217
5 0.322502 0.809564 0.111672 0.065110
5 0.231514 0.517923 0.027463 0.026975
5 0.186214 0.515248 0.030859 0.033804
5 0.342135 0.666481 0.020163 0.046463
5 0.315547 0.410645 0.017877 0.057786
5 0.616732 0.554914 0.022637 0.036470
5 0.441540 0.530109 0.053280 0.094922
5 0.314735 0.188807 0.013472 0.036137
5 0.342077 0.207467 0.012676 0.052445
5 0.139880 0.484616 0.022250 0.027908
5 0.657499 0.931604 0.077285 0.135948
2 0.303939 0.491458 0.029314 0.045926
2 0.325215 0.354390 0.014814 0.059995
2 0.232291 0.509988 0.031217 0.046232
2 0.185425 0.514451 0.032621 0.035573
2 0.342070 0.666453 0.020436 0.046471
2 0.400181 0.631681 0.019102 0.033391
2 0.315547 0.410548 0.017877 0.057592
2 0.356408 0.584719 0.018224 0.034801
2 0.389039 0.541852 0.016151 0.042920
2 0.214686 0.765052 0.018059 0.055389
2 0.657371 0.930806 0.079515 0.137360
2 0.323006 0.309592 0.013171 0.060787
2 0.343835 0.358298 0.009441 0.047272
2 0.335823 0.598953 0.019113 0.036865
2 0.351686 0.699345 0.025093 0.056434
2 0.572245 0.481424 0.035700 0.043916
2 0.375192 0.693208 0.014979 0.026983
2 0.342077 0.207467 0.012676 0.052445
2 0.551956 0.579401 0.016091 0.045504
2 0.316826 0.264767 0.012450 0.059262
2 0.496435 0.435008 0.023514 0.048707
2 0.719285 0.455487 0.019357 0.037533
2 0.746171 0.454629 0.020360 0.034169
2 0.314702 0.188807 0.013537 0.036137
2 0.389843 0.270243 0.013575 0.039525
2 0.026691 0.490703 0.034875 0.026838
2 0.498548 0.516568 0.020039 0.050917
2 0.591989 0.659805 0.015699 0.054551
2 0.463464 0.764630 0.019351 0.037542
2 0.402880 0.248268 0.015038 0.040123
2 0.373327 0.219180 0.013905 0.054132
2 0.399312 0.743200 0.021333 0.029946
2 0.437398 0.450650 0.010170 0.024807
2 0.616636 0.554914 0.022829 0.036470
2 0.139880 0.484616 0.022250 0.027908
2 0.519878 0.439977 0.021273 0.050698
2 0.269566 0.557201 0.020490 0.036265
2 0.501902 0.917244 0.026622 0.034865
2 0.176884 0.485912 0.026587 0.041610
2 0.586114 0.594580 0.016927 0.033652
2 0.472774 0.516422 0.012293 0.042850
2 0.541382 0.486382 0.016817 0.034706
2 0.603677 0.601662 0.012483 0.041521
2 0.319281 0.563452 0.012329 0.023604
2 0.092366 0.586799 0.027681 0.012149
2 0.869991 0.947786 0.029437 0.029728
2 0.087004 0.530388 0.022079 0.028517
2 0.458878 0.250901 0.060899 0.137599
2 0.804305 0.778538 0.017718 0.049277
2 0.533978 0.610100 0.016511 0.040870
2 0.636774 0.470899 0.022659 0.031524
2 0.381263 0.745170 0.019215 0.031184
2 0.316164 0.535601 0.011922 0.020364
2 0.609070 0.907597 0.012196 0.018647
2 0.281461 0.201051 0.012135 0.020997
2 0.255690 0.486405 0.022491 0.029166
2 0.387757 0.695976 0.015429 0.039231
2 0.854715 0.775430 0.014618 0.051274
2 0.404360 0.344622 0.008390 0.022949
2 0.631412 0.276323 0.024843 0.040450
