0 0.379608 0.585094 0.005331 0.023861
0 0.340257 0.399944 0.005575 0.024000
0 0.463187 0.430529 0.004329 0.020519
0 0.456636 0.661079 0.005838 0.022641
0 0.677521 0.547603 0.008048 0.029869
0 0.298308 0.543417 0.004644 0.018658
0 0.660526 0.573026 0.006443 0.027142
0 0.616149 0.590808 0.006884 0.026004
0 0.540643 0.568094 0.008296 0.022806
0 0.414579 0.407553 0.008163 0.036744
0 0.579787 0.435167 0.005369 0.019810
0 0.371849 0.637657 0.007418 0.024307
0 0.468749 0.425075 0.004677 0.020250
0 0.188739 0.621969 0.003971 0.014859
0 0.696626 0.426330 0.005330 0.018259
0 0.447934 0.770296 0.003885 0.019417
0 0.387959 0.387600 0.005552 0.019398
0 0.725463 0.412525 0.006728 0.022991
0 0.554944 0.440640 0.005926 0.022064
0 0.501798 0.684236 0.006198 0.026576
0 0.322567 0.219678 0.005935 0.019902
0 0.457570 0.714855 0.005450 0.025314
0 0.531358 0.482619 0.006398 0.020457
0 0.650925 0.565151 0.007659 0.024387
0 0.562049 0.432745 0.004729 0.019281
0 0.557848 0.521527 0.005596 0.018639
0 0.469878 0.809661 0.005017 0.025124
0 0.431947 0.682488 0.006022 0.022107
0 0.590776 0.699644 0.004759 0.017954
0 0.418912 0.683700 0.004742 0.019902
0 0.357032 0.342360 0.005751 0.023526
0 0.584825 0.750863 0.006566 0.025148
0 0.711704 0.412303 0.007159 0.025833
0 0.568488 0.731140 0.007786 0.025496
0 0.491409 0.806523 0.005548 0.020206
0 0.692527 0.542451 0.007897 0.021056
0 0.870286 0.537924 0.007071 0.025818
0 0.593637 0.875944 0.005267 0.018146
0 0.557335 0.416996 0.004198 0.017904
0 0.416001 0.397454 0.004481 0.019564
0 0.486212 0.926418 0.004292 0.017508
0 0.598137 0.886642 0.004321 0.020208
0 0.409475 0.662926 0.004492 0.018019
0 0.709704 0.550848 0.005612 0.026594
0 0.566327 0.432200 0.004184 0.020844
0 0.335995 0.239934 0.005783 0.026180
0 0.705104 0.768865 0.006075 0.026306
0 0.594543 0.914383 0.007869 0.019893
0 0.356666 0.329848 0.005008 0.016812
0 0.397724 0.691328 0.005635 0.032632
0 0.590821 0.732833 0.006122 0.021869
0 0.341052 0.282307 0.005335 0.014945
0 0.556127 0.843459 0.004185 0.020145
0 0.584552 0.726748 0.007125 0.023217
0 0.141518 0.667851 0.007064 0.025823
0 0.509003 0.842343 0.005832 0.022622
2 0.501932 0.917462 0.027491 0.034401
3 0.290203 0.515709 0.012172 0.020137
3 0.276423 0.532065 0.019832 0.021454
3 0.298657 0.567221 0.012113 0.020715
3 0.308194 0.139397 0.010996 0.020471
3 0.281624 0.201429 0.012139 0.020547
3 0.448098 0.467042 0.010890 0.024714
2 0.342132 0.666779 0.020224 0.046471
3 0.616284 0.553218 0.021890 0.032962
2 0.591947 0.660091 0.015339 0.053836
3 0.239857 0.555638 0.013967 0.016226
3 0.171537 0.576342 0.014285 0.017608
2 0.313299 0.480264 0.027830 0.043329
3 0.381569 0.521758 0.015547 0.027559
3 0.776797 0.460372 0.012473 0.014171
3 0.474543 0.526289 0.011185 0.043571
2 0.214904 0.765504 0.018321 0.055824
2 0.026942 0.491951 0.035477 0.025059
3 0.668991 0.567774 0.009618 0.022257
3 0.729532 0.463892 0.013481 0.017593
3 0.329839 0.597438 0.007130 0.031926
3 0.518947 0.442037 0.016084 0.018796
3 0.753939 0.453006 0.018235 0.032020
3 0.508589 0.529207 0.016234 0.033706
3 0.313377 0.428080 0.012834 0.023662
3 0.496373 0.443350 0.018539 0.029902
3 0.327828 0.529636 0.010846 0.019598
3 0.797783 0.451605 0.018410 0.025321
2 0.580461 0.478317 0.033558 0.038090
3 0.253864 0.486822 0.019387 0.028605
3 0.135743 0.512011 0.014951 0.015209
2 0.870151 0.948313 0.028681 0.030198
3 0.326121 0.201207 0.010637 0.024577
3 0.609201 0.585165 0.021085 0.015703
3 0.005319 0.539089 0.010639 0.017778
3 0.538346 0.613304 0.014437 0.029209
3 0.548271 0.474993 0.016106 0.020965
3 0.602384 0.440421 0.015720 0.013050
3 0.134754 0.530460 0.012723 0.015113
3 0.141124 0.661739 0.008953 0.011517
3 0.328183 0.529454 0.011765 0.020016
3 0.116190 0.583388 0.010611 0.024543
3 0.341238 0.288601 0.006200 0.027532
3 0.357032 0.340588 0.005751 0.027633
3 0.372057 0.638765 0.005550 0.022890
3 0.298308 0.543530 0.004644 0.018432
3 0.563235 0.630084 0.006625 0.021798
3 0.594543 0.914383 0.007869 0.019893
3 0.508232 0.845497 0.005950 0.016637
3 0.336635 0.241583 0.006084 0.022765
3 0.584440 0.898246 0.007752 0.025323
3 0.427470 0.603863 0.008024 0.021259
3 0.290221 0.515692 0.012137 0.019355
3 0.553295 0.630794 0.005278 0.016965
3 0.186967 0.615410 0.021801 0.023119
3 0.340556 0.400754 0.004978 0.021335
3 0.787628 0.549182 0.008629 0.017229
3 0.768480 0.550196 0.010738 0.022339
3 0.285452 0.179063 0.004777 0.012190
3 0.721601 0.431882 0.011717 0.019279
3 0.161950 0.499202 0.011659 0.021609
3 0.171748 0.578188 0.015449 0.022230
3 0.416115 0.368846 0.008647 0.024647
3 0.005317 0.538839 0.010635 0.017278
3 0.555068 0.620891 0.004971 0.015461
3 0.568488 0.731140 0.007786 0.025496
3 0.298653 0.566917 0.012105 0.019919
3 0.182457 0.616488 0.012558 0.020757
3 0.239213 0.496200 0.012187 0.017696
3 0.356666 0.329848 0.005008 0.016812
3 0.725256 0.515522 0.013657 0.021083
3 0.455020 0.715091 0.011029 0.024867
3 0.322567 0.219678 0.005935 0.019902
3 0.477674 0.458311 0.009450 0.023857
3 0.308194 0.139397 0.010996 0.020471
3 0.444415 0.622332 0.010348 0.023039
3 0.776797 0.460372 0.012473 0.014171
3 0.557426 0.601905 0.005483 0.019229
3 0.677346 0.548057 0.007805 0.029291
3 0.484940 0.855557 0.008494 0.021517
3 0.615580 0.594326 0.005734 0.019396
3 0.698100 0.513726 0.013601 0.023265
3 0.746362 0.412088 0.011308 0.017112
3 0.582342 0.545371 0.005610 0.014275
3 0.408943 0.699610 0.009877 0.018292
3 0.540380 0.568901 0.005763 0.019343
3 0.235521 0.215749 0.007148 0.014504
3 0.432589 0.683895 0.004739 0.018745
3 0.397881 0.696713 0.005675 0.023057
3 0.835393 0.761150 0.011018 0.024681
3 0.492008 0.984343 0.009488 0.018778
3 0.816254 0.542442 0.007609 0.024857
5 0.554725 0.573863 0.017674 0.045843
5 0.191817 0.515537 0.031070 0.034289
5 0.548081 0.482008 0.017066 0.035187
5 0.323557 0.309929 0.012520 0.061539
5 0.344431 0.580746 0.017889 0.032952
5 0.616881 0.554928 0.022763 0.036359
5 0.322850 0.809896 0.112367 0.065153
5 0.580461 0.479472 0.033558 0.040464
5 0.442008 0.529959 0.052387 0.093959
5 0.657688 0.931673 0.078326 0.135457
5 0.343431 0.343936 0.009839 0.047137
5 0.241069 0.517833 0.027378 0.028458
5 0.342132 0.666779 0.020224 0.046471
2 0.191747 0.514815 0.031209 0.035733
2 0.240554 0.516299 0.028506 0.031648
2 0.313248 0.481991 0.028582 0.047673
2 0.400375 0.632293 0.018626 0.032957
2 0.325277 0.354598 0.014188 0.059254
2 0.341987 0.666476 0.020741 0.046961
7 0.657580 0.931159 0.080334 0.136709
2 0.580315 0.479031 0.033851 0.040281
2 0.214904 0.765349 0.018321 0.055512
2 0.518054 0.449350 0.018344 0.032826
2 0.495768 0.435633 0.021662 0.047596
2 0.323290 0.309813 0.013055 0.061089
2 0.344431 0.580619 0.017889 0.033207
2 0.315447 0.411166 0.017671 0.056609
2 0.381355 0.529024 0.016375 0.042813
2 0.754610 0.453870 0.019924 0.033748
2 0.351718 0.699960 0.024981 0.056378
2 0.375066 0.243090 0.015168 0.055067
2 0.026942 0.491336 0.035477 0.027126
2 0.463300 0.763834 0.019314 0.040146
2 0.547899 0.481759 0.017431 0.035644
2 0.616801 0.554922 0.022924 0.036371
2 0.316955 0.253778 0.012134 0.036621
2 0.335730 0.599511 0.019235 0.037149
2 0.401540 0.246914 0.013139 0.040268
2 0.341565 0.179349 0.012592 0.042628
2 0.255388 0.486238 0.023274 0.029774
2 0.507478 0.537391 0.019270 0.050633
2 0.314665 0.188677 0.013119 0.034947
2 0.399169 0.743442 0.020901 0.029508
2 0.554725 0.573863 0.017674 0.045843
2 0.537648 0.619502 0.016044 0.042392
2 0.448098 0.467034 0.010890 0.024696
2 0.649931 0.470136 0.024324 0.030905
2 0.455840 0.586829 0.020998 0.045098
2 0.343431 0.343936 0.009839 0.047137
2 0.609044 0.908129 0.012391 0.018598
2 0.474458 0.526751 0.011355 0.044494
2 0.592183 0.660296 0.015810 0.054246
2 0.870151 0.948313 0.028681 0.030198
2 0.501932 0.917462 0.027491 0.034401
2 0.729577 0.454061 0.019957 0.034566
2 0.603696 0.601877 0.012389 0.041327
2 0.583090 0.610649 0.028873 0.069888
2 0.375236 0.693657 0.014653 0.027793
2 0.729830 0.576704 0.054201 0.030797
2 0.378133 0.747229 0.026629 0.034460
2 0.394174 0.287429 0.012293 0.036179
2 0.433996 0.901907 0.038016 0.054725
2 0.180573 0.483321 0.020225 0.036304
2 0.139923 0.483210 0.022309 0.024391
2 0.460496 0.264465 0.057299 0.109675
2 0.281634 0.201429 0.012098 0.020547
2 0.101191 0.530485 0.020972 0.030745
2 0.571266 0.623463 0.010737 0.030651
2 0.828183 0.985927 0.020967 0.024798
2 0.796593 0.451932 0.020791 0.025976
2 0.174017 0.660063 0.032542 0.051928
2 0.644472 0.321388 0.067837 0.130423
2 0.290198 0.515709 0.012064 0.020137
2 0.388248 0.696184 0.015924 0.038453
2 0.666084 0.618393 0.032671 0.041883
2 0.805946 0.779295 0.016328 0.045609
2 0.277433 0.532058 0.017409 0.021407
2 0.308194 0.139397 0.010996 0.020471
