0 0.466501 0.418452 0.005094 0.024537
0 0.377325 0.580878 0.006920 0.022268
0 0.294123 0.540242 0.004174 0.019183
0 0.538498 0.560300 0.006583 0.023997
0 0.550194 0.439811 0.005542 0.022991
0 0.468080 0.801807 0.004867 0.022339
0 0.459775 0.660331 0.004545 0.020954
0 0.473265 0.815748 0.005172 0.020180
0 0.462643 0.423631 0.007596 0.024230
0 0.660524 0.573177 0.005938 0.026672
0 0.616524 0.592449 0.006984 0.026449
0 0.489732 0.800221 0.004739 0.020162
0 0.341211 0.410713 0.006610 0.021943
0 0.573705 0.436561 0.005202 0.019320
0 0.563286 0.431803 0.007348 0.020758
0 0.435568 0.690151 0.005538 0.021273
0 0.725241 0.412221 0.006507 0.023364
0 0.654632 0.559102 0.008683 0.030851
0 0.188697 0.621589 0.003693 0.015452
0 0.556887 0.417596 0.004641 0.017958
0 0.509634 0.852733 0.005103 0.022762
0 0.530399 0.477621 0.006061 0.019559
0 0.709272 0.550624 0.005179 0.027518
0 0.371491 0.638204 0.007178 0.024944
0 0.414190 0.666887 0.003914 0.017283
0 0.417036 0.408582 0.008544 0.026010
0 0.418713 0.683567 0.005317 0.020646
0 0.575484 0.800757 0.004579 0.019037
0 0.711791 0.412049 0.006799 0.024767
0 0.591813 0.700036 0.005078 0.018980
0 0.565895 0.695883 0.007837 0.024125
0 0.696473 0.425856 0.005920 0.018369
0 0.387602 0.385453 0.006277 0.019895
0 0.466285 0.441304 0.009651 0.024059
0 0.436617 0.660964 0.007385 0.021606
0 0.457739 0.714900 0.005192 0.024346
0 0.408739 0.690183 0.007144 0.029182
0 0.705051 0.768853 0.006192 0.026306
0 0.502950 0.705939 0.007850 0.030004
0 0.449140 0.769377 0.004536 0.018891
0 0.398326 0.668755 0.004569 0.021550
0 0.360895 0.365455 0.005154 0.019566
0 0.496721 0.789083 0.006812 0.018682
0 0.703526 0.404944 0.007611 0.016533
0 0.557663 0.520848 0.005908 0.019428
0 0.546283 0.846399 0.005238 0.019306
0 0.697032 0.548629 0.010726 0.034183
0 0.710120 0.761153 0.008201 0.031867
0 0.506812 0.985525 0.010158 0.029271
0 0.870272 0.537236 0.007046 0.026469
0 0.656168 0.563469 0.006017 0.022340
0 0.346758 0.726751 0.003831 0.012980
0 0.787356 0.546427 0.009226 0.024212
0 0.693468 0.540169 0.005148 0.019571
0 0.434499 0.440832 0.007355 0.015387
0 0.859477 0.530384 0.010008 0.022389
0 0.351878 0.581395 0.003649 0.021388
0 0.554861 0.491918 0.008529 0.028746
0 0.319138 0.056553 0.005212 0.016580
2 0.301450 0.492932 0.027554 0.044557
2 0.501806 0.916953 0.026888 0.034979
3 0.308157 0.139135 0.010567 0.020393
3 0.276868 0.532278 0.016978 0.020960
3 0.281438 0.200648 0.012201 0.021108
3 0.769636 0.460691 0.011399 0.013809
2 0.496632 0.512610 0.019969 0.050770
3 0.324416 0.563144 0.012554 0.022941
3 0.557496 0.603504 0.007839 0.025605
3 0.253982 0.480695 0.019355 0.017046
2 0.342069 0.666255 0.020082 0.046953
3 0.518486 0.446974 0.018795 0.036542
3 0.603621 0.601392 0.012348 0.041104
3 0.375335 0.693054 0.015029 0.027737
3 0.775993 0.769667 0.013093 0.020239
3 0.744268 0.454494 0.021450 0.033878
2 0.591650 0.659716 0.015075 0.053705
3 0.616386 0.552987 0.022333 0.033784
3 0.595954 0.448869 0.008271 0.030319
3 0.207659 0.473695 0.012080 0.011421
3 0.335748 0.596750 0.018966 0.034478
3 0.249685 0.561493 0.011550 0.021188
3 0.552312 0.575231 0.015495 0.034063
2 0.214707 0.764950 0.017764 0.056775
3 0.803413 0.763181 0.017826 0.021373
3 0.196289 0.576746 0.014033 0.016975
2 0.184432 0.513614 0.031797 0.033683
3 0.021914 0.491786 0.025020 0.022779
3 0.435213 0.446445 0.010236 0.024659
3 0.508787 0.423624 0.013488 0.021903
3 0.472078 0.513254 0.012707 0.042511
3 0.768460 0.549067 0.010859 0.020987
3 0.262171 0.534674 0.010788 0.017161
3 0.121008 0.513579 0.013682 0.019377
3 0.401650 0.339172 0.007823 0.024573
3 0.269919 0.512640 0.011999 0.014441
3 0.390729 0.538185 0.015603 0.027991
3 0.254088 0.497334 0.017641 0.022550
2 0.570103 0.482686 0.035967 0.045100
3 0.692186 0.688912 0.012334 0.016114
2 0.870104 0.947554 0.029289 0.030188
3 0.495498 0.442570 0.018472 0.033325
3 0.313380 0.535185 0.011895 0.017974
3 0.313360 0.536062 0.012071 0.021054
3 0.340038 0.320727 0.005754 0.023527
3 0.324370 0.563146 0.012451 0.022938
3 0.340827 0.410570 0.005634 0.021657
3 0.746160 0.411531 0.011425 0.017759
3 0.741953 0.461955 0.015705 0.018103
3 0.720435 0.510410 0.014922 0.023154
3 0.666705 0.568425 0.015034 0.024503
3 0.768415 0.549424 0.010949 0.021851
3 0.725701 0.428954 0.012301 0.021220
3 0.435225 0.446191 0.010180 0.024839
3 0.371996 0.638475 0.005669 0.022505
3 0.681530 0.546280 0.010425 0.033654
3 0.338106 0.266076 0.006712 0.035310
3 0.417121 0.408295 0.008373 0.024643
3 0.196307 0.579065 0.014068 0.021615
3 0.586412 0.742740 0.011466 0.024726
3 0.186125 0.614987 0.020830 0.023561
3 0.125602 0.593397 0.011820 0.022842
3 0.455152 0.714899 0.010716 0.024646
3 0.749115 0.510655 0.014665 0.019162
3 0.466693 0.441423 0.010466 0.024298
3 0.565895 0.696208 0.007837 0.024925
3 0.285313 0.178430 0.004871 0.011882
3 0.769653 0.460626 0.011482 0.013940
3 0.112098 0.531646 0.013033 0.014546
3 0.788358 0.544670 0.010337 0.024906
3 0.338245 0.257637 0.006044 0.018543
3 0.948178 0.449088 0.014139 0.018870
3 0.730997 0.546860 0.016361 0.023032
3 0.695596 0.540332 0.009488 0.020709
3 0.684232 0.563588 0.009955 0.015774
3 0.582426 0.544664 0.006035 0.015475
3 0.458441 0.636830 0.009744 0.024076
3 0.235345 0.494618 0.013606 0.018346
3 0.502950 0.705939 0.007850 0.030004
3 0.638556 0.591297 0.014042 0.023799
3 0.702254 0.416585 0.009031 0.016746
3 0.779506 0.424012 0.011221 0.013569
3 0.582787 0.891249 0.006642 0.018287
3 0.538763 0.559494 0.006052 0.021654
3 0.562050 0.618664 0.006582 0.024475
3 0.567049 0.535088 0.009869 0.021253
3 0.616430 0.592512 0.006797 0.026323
3 0.181814 0.614325 0.012063 0.025034
3 0.816249 0.542110 0.007577 0.024548
3 0.319045 0.069082 0.005295 0.014709
3 0.484881 0.855263 0.008418 0.021352
3 0.530399 0.477637 0.006061 0.019529
3 0.593477 0.881505 0.004357 0.016049
3 0.556095 0.419985 0.003578 0.013142
3 0.654685 0.559366 0.008259 0.028870
3 0.801150 0.542694 0.007176 0.024403
5 0.323530 0.309447 0.012568 0.060334
5 0.229656 0.517734 0.027526 0.027879
5 0.325287 0.353802 0.014405 0.059418
5 0.321950 0.809668 0.110567 0.065441
5 0.441442 0.530337 0.053289 0.095167
5 0.301653 0.492981 0.026989 0.044507
5 0.316945 0.255076 0.012372 0.039325
5 0.184979 0.515269 0.030946 0.034097
5 0.314724 0.188585 0.013421 0.037025
5 0.315366 0.410834 0.017581 0.057906
5 0.616758 0.554710 0.022652 0.036973
5 0.342069 0.666255 0.020082 0.046953
2 0.301450 0.493008 0.027554 0.044763
2 0.230372 0.508054 0.029749 0.047008
2 0.325296 0.353809 0.014744 0.059968
2 0.184537 0.514549 0.032009 0.035553
2 0.341953 0.666186 0.020485 0.047069
2 0.315230 0.410440 0.018265 0.058133
2 0.400158 0.632007 0.018173 0.032760
2 0.570103 0.482686 0.035967 0.045100
2 0.214707 0.764812 0.017764 0.056499
2 0.390692 0.545482 0.015829 0.043280
2 0.496580 0.512447 0.020167 0.050793
2 0.323231 0.309447 0.013166 0.060334
2 0.533016 0.607929 0.016941 0.041244
2 0.591952 0.659301 0.015901 0.053909
2 0.520219 0.440028 0.022260 0.049989
2 0.657506 0.930647 0.079288 0.137754
2 0.359124 0.585530 0.018359 0.034312
2 0.335875 0.599095 0.019124 0.037792
2 0.351732 0.699018 0.024965 0.056484
2 0.343782 0.361207 0.009512 0.049198
2 0.314700 0.188585 0.013470 0.037025
2 0.316945 0.255076 0.012372 0.039325
2 0.463289 0.764266 0.018876 0.039038
2 0.342104 0.210348 0.012490 0.049408
2 0.496476 0.435262 0.025329 0.048465
2 0.375335 0.693054 0.015029 0.027737
2 0.025751 0.490504 0.033413 0.025914
2 0.401860 0.247234 0.012661 0.038553
2 0.139852 0.484386 0.022375 0.027594
2 0.744121 0.454494 0.021155 0.033878
2 0.398860 0.742630 0.020410 0.028997
2 0.501806 0.916953 0.026888 0.034979
2 0.177899 0.484412 0.024664 0.038755
2 0.552523 0.582562 0.018284 0.048917
2 0.472078 0.513086 0.012707 0.042847
2 0.372816 0.214693 0.014434 0.051842
2 0.093936 0.595753 0.029832 0.031701
2 0.539921 0.487155 0.016901 0.033737
2 0.603621 0.601468 0.012348 0.041474
2 0.616669 0.554645 0.022899 0.037102
2 0.387244 0.255575 0.015043 0.058670
2 0.716223 0.454022 0.019470 0.036931
2 0.435213 0.446273 0.010236 0.025003
2 0.209729 0.663901 0.047879 0.072167
2 0.401650 0.339172 0.007823 0.024573
2 0.586320 0.594258 0.016494 0.032937
2 0.633833 0.471361 0.022908 0.031917
2 0.609051 0.907321 0.012333 0.018167
2 0.324416 0.562572 0.012554 0.021797
2 0.870104 0.947554 0.029289 0.030188
2 0.591385 0.810093 0.015237 0.039276
2 0.313360 0.535663 0.012071 0.020254
2 0.568006 0.301103 0.054949 0.066306
2 0.465782 0.567190 0.017202 0.031569
2 0.381271 0.745456 0.019915 0.031412
2 0.281438 0.200648 0.012201 0.021108
2 0.387885 0.695686 0.015642 0.038996
2 0.269580 0.556940 0.019977 0.034451
2 0.603441 0.987202 0.014102 0.025806
2 0.803971 0.778313 0.017800 0.049686
2 0.308157 0.139135 0.010567 0.020393
2 0.779103 0.454554 0.030419 0.026692
2 0.458778 0.249918 0.061546 0.141213
2 0.282817 0.069943 0.008483 0.035034
2 0.571645 0.622998 0.009712 0.029842
