0 0.379721 0.584759 0.004869 0.023782
0 0.677713 0.547545 0.008107 0.030612
0 0.340232 0.400438 0.005894 0.023877
0 0.456660 0.661066 0.005870 0.023024
0 0.660453 0.573084 0.006319 0.027299
0 0.463268 0.430444 0.004497 0.019700
0 0.616187 0.590880 0.006966 0.025954
0 0.414751 0.408085 0.007802 0.035175
0 0.579345 0.435482 0.004961 0.019625
0 0.298083 0.543143 0.004335 0.018373
0 0.651115 0.565104 0.007403 0.023915
0 0.447984 0.770152 0.003786 0.019581
0 0.540518 0.567861 0.008530 0.022639
0 0.468696 0.424759 0.004551 0.019837
0 0.372093 0.638627 0.005524 0.022088
0 0.501772 0.685194 0.006232 0.026968
0 0.696623 0.426369 0.005332 0.018067
0 0.554224 0.441099 0.004899 0.021283
0 0.188713 0.621931 0.003932 0.014986
0 0.531343 0.482195 0.006111 0.019898
0 0.725448 0.412359 0.006740 0.022582
0 0.457562 0.714838 0.005471 0.025194
0 0.387910 0.387456 0.005645 0.019456
0 0.432660 0.682951 0.005114 0.022064
0 0.870345 0.537910 0.007055 0.026099
0 0.568107 0.729979 0.007736 0.024827
0 0.562051 0.432769 0.004567 0.019313
0 0.418909 0.683662 0.004730 0.020085
0 0.357187 0.339486 0.005954 0.031908
0 0.557851 0.521522 0.005520 0.018589
0 0.491438 0.806327 0.005477 0.019996
0 0.649021 0.555816 0.007516 0.019680
0 0.409683 0.663070 0.004248 0.017966
0 0.470018 0.810284 0.005062 0.024315
0 0.692577 0.541900 0.008037 0.021836
0 0.711787 0.412366 0.007034 0.025955
0 0.590841 0.699754 0.004725 0.017964
0 0.557351 0.416899 0.004001 0.017579
0 0.705329 0.768819 0.006451 0.026228
0 0.709695 0.550983 0.005565 0.026516
0 0.446966 0.465358 0.010632 0.024928
0 0.566395 0.432208 0.004078 0.020826
0 0.415677 0.398470 0.004580 0.019296
0 0.598095 0.886216 0.004209 0.019749
0 0.322698 0.218563 0.005835 0.019834
0 0.809961 0.433946 0.004784 0.020753
0 0.584273 0.750443 0.005818 0.025912
0 0.341076 0.283667 0.005320 0.015262
0 0.414671 0.367337 0.008328 0.026106
0 0.486543 0.926018 0.004587 0.017726
0 0.883728 0.426714 0.009762 0.021751
0 0.397780 0.692287 0.005477 0.030448
0 0.336178 0.240626 0.006290 0.029482
0 0.593556 0.875796 0.005323 0.017246
0 0.508569 0.842187 0.005570 0.023312
0 0.520614 0.500373 0.006206 0.032159
2 0.501886 0.917329 0.027602 0.034328
3 0.289046 0.515019 0.012518 0.020091
3 0.299899 0.567417 0.012138 0.021501
3 0.275643 0.531768 0.020654 0.021924
3 0.776482 0.460389 0.012697 0.014248
2 0.591926 0.660087 0.015349 0.053511
3 0.308195 0.139413 0.010922 0.020378
3 0.281618 0.201367 0.012214 0.020350
2 0.342153 0.666809 0.020250 0.046459
3 0.616280 0.553148 0.021858 0.032883
2 0.312352 0.481532 0.027928 0.043788
2 0.026970 0.491711 0.035220 0.025475
3 0.447541 0.466460 0.010916 0.023851
3 0.240415 0.555822 0.013676 0.016571
3 0.668937 0.567821 0.009852 0.022600
3 0.474375 0.526686 0.011652 0.044548
3 0.519229 0.441797 0.016345 0.020369
3 0.547732 0.475361 0.016126 0.021301
2 0.579792 0.477855 0.033740 0.037482
2 0.214935 0.765467 0.018231 0.056227
3 0.327412 0.530137 0.011332 0.019902
3 0.335642 0.597142 0.018830 0.031930
3 0.754019 0.452088 0.018705 0.030764
3 0.699925 0.511128 0.017425 0.026082
3 0.508118 0.528032 0.016250 0.033227
3 0.496402 0.443012 0.018447 0.029193
3 0.602400 0.440415 0.015729 0.012937
3 0.004589 0.539432 0.009179 0.017067
3 0.768477 0.549213 0.010691 0.020288
3 0.538223 0.612882 0.014525 0.029433
3 0.255386 0.486049 0.022955 0.029747
3 0.375116 0.692429 0.014193 0.024977
3 0.265061 0.482725 0.007397 0.016595
3 0.326314 0.201502 0.010541 0.024432
3 0.313365 0.427793 0.012962 0.024376
2 0.870140 0.948290 0.028618 0.030251
3 0.298083 0.543194 0.004335 0.018370
3 0.341161 0.291316 0.006156 0.027215
3 0.776482 0.460365 0.012697 0.014295
3 0.116714 0.583654 0.012273 0.025307
3 0.327337 0.530587 0.011697 0.021284
3 0.508443 0.846246 0.005716 0.016552
3 0.554153 0.625204 0.006966 0.025502
3 0.721541 0.431290 0.012450 0.018129
3 0.427932 0.604618 0.008346 0.021766
3 0.357187 0.343543 0.005954 0.025140
3 0.299899 0.567417 0.012138 0.021501
3 0.768456 0.550138 0.010782 0.022254
3 0.186920 0.615106 0.021744 0.023833
3 0.594530 0.914128 0.007898 0.020042
3 0.162541 0.499400 0.011553 0.019732
3 0.336761 0.243561 0.006090 0.022229
3 0.372079 0.638852 0.005552 0.022538
3 0.787626 0.549047 0.008733 0.018077
3 0.289046 0.514810 0.012518 0.019492
3 0.563257 0.629507 0.006292 0.022170
3 0.584407 0.897543 0.008012 0.025210
3 0.726353 0.515951 0.013717 0.020864
3 0.699112 0.513812 0.013352 0.023024
3 0.476962 0.456268 0.009158 0.021076
3 0.173682 0.578177 0.016601 0.022935
3 0.182297 0.614171 0.013042 0.025703
3 0.004580 0.539130 0.009159 0.016464
3 0.454671 0.715286 0.011739 0.024900
3 0.979135 0.448824 0.013959 0.016807
3 0.340680 0.401285 0.004999 0.021752
3 0.285430 0.179116 0.004781 0.012135
3 0.555179 0.619563 0.004923 0.014648
3 0.134198 0.526684 0.015195 0.025889
3 0.445186 0.623440 0.010215 0.022921
3 0.322698 0.218563 0.005835 0.019834
3 0.746257 0.412132 0.011140 0.017243
3 0.615744 0.594299 0.006141 0.019722
3 0.239131 0.496116 0.012226 0.018003
3 0.415403 0.367445 0.008784 0.025812
3 0.308195 0.139413 0.010922 0.020378
3 0.816250 0.542514 0.007648 0.024851
3 0.835337 0.761273 0.010990 0.024547
3 0.484936 0.855576 0.008451 0.021551
3 0.665596 0.569670 0.016534 0.026298
3 0.692650 0.542029 0.007951 0.021682
3 0.447541 0.466460 0.010916 0.023851
3 0.568107 0.729979 0.007736 0.024827
3 0.677195 0.550418 0.007535 0.024953
3 0.884408 0.439275 0.011582 0.022765
3 0.820156 0.499105 0.014048 0.023332
3 0.594222 0.882219 0.007414 0.029326
3 0.578553 0.439645 0.003466 0.011509
3 0.650121 0.561996 0.009308 0.030226
3 0.683427 0.562188 0.011009 0.019541
3 0.408984 0.699455 0.009717 0.017915
3 0.711353 0.415668 0.005843 0.019333
3 0.235551 0.215734 0.007135 0.014743
3 0.557149 0.601766 0.005010 0.016830
3 0.702048 0.417105 0.008660 0.017216
3 0.467594 0.782980 0.011093 0.020082
3 0.582344 0.545457 0.005547 0.014070
5 0.345297 0.581200 0.017974 0.033609
5 0.554659 0.574569 0.017829 0.046043
5 0.547523 0.482192 0.016948 0.035040
5 0.191490 0.515601 0.031050 0.034402
5 0.323594 0.309752 0.012529 0.060902
5 0.616875 0.555014 0.022754 0.036387
5 0.442020 0.529852 0.052397 0.093305
5 0.315487 0.411334 0.017775 0.057045
5 0.317002 0.253755 0.011999 0.036434
5 0.322648 0.809847 0.111962 0.064541
5 0.657712 0.931586 0.078249 0.135660
5 0.342153 0.666809 0.020250 0.046459
5 0.343320 0.344673 0.009627 0.047749
5 0.314714 0.188746 0.013307 0.035306
2 0.191692 0.514843 0.031454 0.035917
2 0.312232 0.482890 0.028618 0.047274
2 0.240099 0.514696 0.028282 0.033488
2 0.400408 0.632306 0.018671 0.032937
2 0.325273 0.354153 0.014161 0.058335
2 0.341968 0.666496 0.020819 0.047053
2 0.345297 0.581041 0.017974 0.033291
7 0.657607 0.931085 0.080157 0.136850
2 0.579614 0.479056 0.034201 0.040796
2 0.214935 0.765312 0.018231 0.055917
2 0.381998 0.522336 0.015809 0.027931
2 0.518275 0.450171 0.018872 0.031493
2 0.495474 0.435646 0.021734 0.047672
2 0.026970 0.491417 0.035220 0.026744
2 0.754100 0.453856 0.019867 0.033503
2 0.351686 0.700000 0.024904 0.056431
2 0.315487 0.411253 0.017776 0.056832
2 0.341937 0.185662 0.014042 0.050636
2 0.323304 0.309752 0.013108 0.060902
2 0.314714 0.188746 0.013307 0.035306
2 0.463261 0.765038 0.019278 0.037986
2 0.335708 0.599973 0.019198 0.037632
2 0.375063 0.243496 0.014967 0.058179
2 0.474341 0.526686 0.011720 0.044548
2 0.401643 0.247283 0.013250 0.040976
2 0.616821 0.554957 0.022941 0.036501
2 0.255386 0.486049 0.022955 0.029747
2 0.316949 0.253755 0.012106 0.036434
2 0.649249 0.470035 0.024535 0.031400
2 0.398987 0.743461 0.020508 0.029621
2 0.554659 0.574569 0.017829 0.046043
2 0.592309 0.660349 0.015676 0.053869
2 0.547467 0.481955 0.017493 0.035515
2 0.447541 0.466460 0.010916 0.023851
2 0.506973 0.536436 0.019589 0.050995
2 0.584582 0.608499 0.026060 0.065492
2 0.394523 0.287048 0.011568 0.035849
2 0.608988 0.907900 0.012454 0.018216
2 0.537539 0.618907 0.016184 0.042197
2 0.100401 0.529692 0.021142 0.029527
2 0.870140 0.948290 0.028618 0.030251
2 0.729808 0.576667 0.054336 0.030875
2 0.375278 0.694715 0.014742 0.030152
2 0.289029 0.515019 0.012347 0.020091
2 0.180254 0.474469 0.019670 0.019201
2 0.456365 0.585665 0.020920 0.045978
2 0.343320 0.344673 0.009627 0.047749
2 0.139947 0.482803 0.022487 0.023578
2 0.501886 0.917329 0.027602 0.034328
2 0.828248 0.985657 0.020722 0.024174
2 0.728935 0.454238 0.019825 0.034226
2 0.603720 0.601893 0.012391 0.041432
2 0.281660 0.201367 0.012062 0.020350
2 0.415403 0.366966 0.008784 0.024853
2 0.277338 0.531768 0.017264 0.021924
2 0.433999 0.902655 0.037929 0.052918
2 0.571367 0.623291 0.010599 0.030431
2 0.460529 0.264398 0.057341 0.110216
2 0.388235 0.696194 0.015857 0.038472
2 0.327425 0.529341 0.011522 0.018793
2 0.378242 0.747332 0.026270 0.034581
2 0.644574 0.321301 0.067744 0.129924
2 0.299901 0.567417 0.012134 0.021501
2 0.866576 0.815153 0.021648 0.038757
2 0.795907 0.452750 0.020022 0.024247
2 0.805779 0.779046 0.016916 0.046776
2 0.308195 0.139413 0.010922 0.020378
